# 3ds Max Wavefront OBJ Exporter v0.97b - (c)2007 guruware
# File Created: 17.06.2020 15:05:37

mtllib Tie_Interceptor.mtl

#
# object WingRight
#

v  5.7971 4.6777 -0.0000
v  5.7971 4.9235 0.9173
v  5.7971 5.5950 1.5888
v  5.7971 6.5123 1.8346
v  5.7971 7.4296 1.5888
v  5.7971 8.1012 0.9173
v  5.7971 8.3470 -0.0000
v  5.7971 8.1012 -0.9173
v  5.7971 7.4296 -1.5889
v  5.7971 6.5123 -1.8347
v  5.7971 5.5950 -1.5889
v  5.7971 4.9235 -0.9173
v  10.5426 6.5123 1.5100
v  10.5426 7.2673 1.3077
v  10.5426 7.8200 0.7550
v  10.5426 8.0223 -0.0000
v  10.5426 7.8200 -0.7550
v  10.5426 7.2673 -1.3077
v  10.5426 6.5123 -1.5100
v  10.5426 5.7573 -1.3077
v  10.5426 5.2046 -0.7550
v  10.5426 5.0023 -0.0000
v  10.5426 5.2046 0.7550
v  10.5426 5.7573 1.3077
v  10.5426 6.5123 -1.7592
v  10.5426 5.6327 -1.5235
v  10.5426 4.9888 -0.8796
v  10.5426 4.7532 -0.0000
v  10.5426 4.9888 0.8796
v  10.5426 5.6327 1.5235
v  10.5426 6.5123 1.7591
v  10.5426 7.3919 1.5235
v  10.5426 8.0358 0.8796
v  10.5426 8.2715 -0.0000
v  10.5426 8.0358 -0.8796
v  10.5426 7.3919 -1.5235
v  11.4146 6.5123 -1.7592
v  11.4146 5.6327 -1.5235
v  11.4146 4.9888 -0.8796
v  11.4146 4.7532 -0.0000
v  11.4146 4.9888 0.8796
v  11.4146 5.6327 1.5235
v  11.4146 6.5123 1.7591
v  11.4146 7.3919 1.5235
v  11.4146 8.0358 0.8796
v  11.4146 8.2715 -0.0000
v  11.4146 8.0358 -0.8796
v  11.4146 7.3919 -1.5235
v  11.4146 6.5123 -1.9673
v  11.4146 5.5287 -1.7037
v  11.4146 4.8086 -0.9836
v  11.4146 4.5451 -0.0000
v  11.4146 4.8086 0.9836
v  11.4146 5.5287 1.7037
v  11.4146 6.5123 1.9672
v  11.4146 7.4959 1.7037
v  11.4146 8.2160 0.9836
v  11.4146 8.4796 -0.0000
v  11.4146 8.2160 -0.9836
v  11.4146 7.4959 -1.7037
v  12.6413 6.5123 -1.9673
v  12.6413 5.5287 -1.7037
v  12.6413 4.8086 -0.9836
v  12.6413 4.5451 -0.0000
v  12.6413 4.8086 0.9836
v  12.6413 5.5287 1.7037
v  12.6413 6.5123 1.9672
v  12.6413 7.4959 1.7037
v  12.6413 8.2160 0.9836
v  12.6413 8.4796 -0.0000
v  12.6413 8.2160 -0.9836
v  12.6413 7.4959 -1.7037
v  13.7590 9.3175 0.2000
v  10.4326 8.8460 0.2000
v  10.4326 4.1786 0.2000
v  13.7590 3.7071 0.2000
v  10.4326 8.8460 -0.2000
v  13.7590 9.3175 -0.2000
v  13.7590 3.7071 -0.2000
v  10.4326 4.1786 -0.2000
v  9.8246 5.3781 0.2000
v  9.8246 5.3781 -0.2000
v  9.8246 7.6465 -0.2000
v  9.8246 7.6465 0.2000
v  15.1323 16.2729 -2.6082
v  14.9792 16.2729 -4.2924
v  14.3717 16.2729 -3.8347
v  14.3717 16.2729 -2.6082
v  8.4004 11.2929 -12.8647
v  7.9448 11.2929 -12.5214
v  14.3717 -15.3683 3.8346
v  7.9448 5.3955 12.5214
v  14.3717 2.9345 3.8347
v  15.1323 -15.3683 2.6082
v  14.9792 -15.3683 4.2924
v  14.3717 -15.3683 2.6082
v  15.1323 -15.3683 -2.6082
v  14.3717 -15.3683 -2.6082
v  14.3717 -15.3683 -3.8347
v  14.9792 -15.3683 -4.2924
v  8.4004 5.3955 12.8647
v  8.4004 11.2929 12.8647
v  7.9448 11.2929 12.5214
v  8.4004 5.3955 -12.8647
v  7.9448 5.3955 -12.5214
v  14.3717 16.2729 3.8347
v  14.3717 16.2729 2.6082
v  14.3717 2.9345 2.6082
v  14.3717 2.9345 -3.8347
v  14.3717 2.9345 -2.6082
v  15.1323 2.9345 -2.6082
v  14.9792 2.9345 -4.2924
v  14.8390 9.5264 1.6466
v  16.1851 9.5723 1.0848
v  16.1851 9.5723 -1.0848
v  14.8390 9.5264 -1.6466
v  16.1851 8.0423 -2.7120
v  14.8390 8.0194 -4.1165
v  14.8390 5.0053 -4.1165
v  16.1851 4.9823 -2.7120
v  16.1851 3.4523 -1.0848
v  15.4590 3.4982 -1.2523
v  16.1851 6.5123 -2.7120
v  14.8390 5.0053 4.1165
v  16.1851 4.9823 2.7120
v  16.1851 6.5123 2.7120
v  16.1851 8.0423 2.7120
v  14.8390 8.0194 4.1165
v  16.7510 8.6123 0.5452
v  16.7510 7.6616 1.4400
v  16.7510 7.6675 0.5616
v  16.7510 6.5123 1.4400
v  16.7510 6.5123 0.5616
v  16.7510 7.6675 -0.5616
v  16.7510 8.6123 -0.5452
v  16.7510 6.5123 -0.5616
v  16.7510 7.6616 -1.4400
v  16.7510 6.5123 -1.4400
v  16.7510 5.3630 1.4400
v  16.7510 5.3572 0.5616
v  16.7510 4.4123 0.5452
v  16.7510 5.3572 -0.5616
v  16.7510 4.4123 -0.5452
v  16.7510 5.3630 -1.4400
v  15.4590 3.4982 1.2522
v  16.1851 3.4523 1.0848
v  16.1851 9.1363 0.8719
v  16.1851 9.1363 -0.8719
v  16.1851 7.8694 -2.2193
v  16.1851 6.5123 -2.2193
v  16.1851 5.1552 -2.2193
v  16.1851 3.8883 -0.8719
v  16.1851 3.8883 0.8719
v  16.1851 5.1552 2.2193
v  16.1851 6.5123 2.2193
v  16.1851 7.8694 2.2193
v  12.6413 5.5224 -2.0806
v  12.6413 3.9534 -0.4443
v  12.6413 3.9534 0.4443
v  12.6413 5.5224 2.0806
v  12.6413 7.5198 2.0806
v  12.6413 8.6430 0.9092
v  12.6413 8.6430 -0.9092
v  12.6413 7.5198 -2.0806
v  13.7590 2.9342 0.6706
v  13.5613 2.9342 0.6706
v  13.5613 2.9342 -0.6706
v  13.7590 2.9342 -0.6706
v  13.5613 3.8996 -0.6706
v  13.7590 3.8996 -0.6706
v  13.5613 5.5046 -3.1405
v  13.7590 5.5046 -3.1405
v  13.5613 7.5478 -3.1405
v  13.7590 7.5478 -3.1405
v  13.5613 8.6968 -1.3724
v  13.7590 8.6968 -1.3724
v  13.5613 8.6968 1.3723
v  13.7590 8.6968 1.3723
v  13.5613 7.5478 3.1405
v  13.7590 7.5478 3.1405
v  13.5613 5.5046 3.1405
v  13.7590 5.5046 3.1405
v  13.5613 3.8996 0.6706
v  13.7590 3.8996 0.6706
v  13.7590 8.0194 4.1165
v  13.7590 5.0053 4.1165
v  13.7590 5.0053 -4.1165
v  13.7590 8.0194 -4.1165
v  13.7590 9.5264 -1.6466
v  13.7590 9.5264 1.6466
v  13.7590 3.4982 -0.9565
v  13.7590 3.4982 0.9565
v  13.7590 1.9582 0.9565
v  15.4590 1.9582 1.2522
v  13.7590 1.9582 -0.9565
v  15.4590 1.9582 -1.2523
v  15.1323 16.2729 2.6082
v  14.9792 16.2729 4.2924
v  14.9792 2.9345 4.2924
v  15.1323 2.9345 2.6082
v  14.1926 -13.2926 -3.3112
v  14.0135 -13.2926 -3.2078
v  14.0135 -13.2926 -3.0010
v  14.1926 -13.2926 -2.8976
v  14.3717 -13.2926 -3.0010
v  14.3717 -13.2926 -3.2078
v  14.1926 -16.2730 -3.3112
v  14.3717 -16.2730 -3.2078
v  14.3717 -16.2730 -3.0010
v  14.1926 -16.2730 -2.8976
v  14.0135 -16.2730 -3.0010
v  14.0135 -16.2730 -3.2078
v  14.0135 -14.1867 -3.2078
v  14.1926 -14.1867 -3.3112
v  14.0135 -14.1867 -3.0010
v  14.1926 -14.1867 -2.8976
v  14.3717 -14.1867 -3.0010
v  14.3717 -14.1867 -3.2078
v  14.1926 -14.1867 -2.6416
v  14.0135 -14.1867 -2.7450
v  14.0135 -13.2926 -2.7450
v  14.1926 -13.2926 -2.6416
v  14.3717 -14.1867 -2.7450
v  14.3717 -13.2926 -2.7450
v  14.1926 -13.2926 3.3111
v  14.3717 -13.2926 3.2077
v  14.3717 -13.2926 3.0009
v  14.1926 -13.2926 2.8975
v  14.0135 -13.2926 3.0009
v  14.0135 -13.2926 3.2077
v  14.1926 -16.2730 3.3111
v  14.0135 -16.2730 3.2077
v  14.0135 -16.2730 3.0009
v  14.1926 -16.2730 2.8975
v  14.3717 -16.2730 3.0009
v  14.3717 -16.2730 3.2077
v  14.1926 -14.1867 3.3111
v  14.0135 -14.1867 3.2077
v  14.0135 -14.1867 3.0009
v  14.1926 -14.1867 2.8975
v  14.3717 -14.1867 3.0009
v  14.3717 -14.1867 3.2077
v  14.1926 -14.1867 2.6415
v  14.0135 -14.1867 2.7449
v  14.0135 -13.2926 2.7449
v  14.1926 -13.2926 2.6415
v  14.3717 -14.1867 2.7449
v  14.3717 -13.2926 2.7449
v  0.0000 1.0984 -2.2425
v  0.0000 0.6523 -0.0000
v  -1.1213 1.0984 -1.9421
v  -1.9421 1.0984 -1.1213
v  -2.2425 1.0984 -0.0000
v  -1.9421 1.0984 1.1213
v  -1.1213 1.0984 1.9421
v  0.0000 1.0984 2.2425
v  -2.0718 2.3687 -3.5885
v  0.0000 2.3687 -4.1437
v  -3.5885 2.3687 -2.0718
v  -4.1436 2.3687 -0.0000
v  -3.5885 2.3687 2.0718
v  -2.0718 2.3687 3.5885
v  0.0000 2.3687 4.1436
v  0.0000 4.2698 -5.1267
v  -2.7070 4.2698 -4.6886
v  -4.6886 4.2698 -3.0453
v  -5.4139 4.2698 -0.0000
v  -4.6886 4.2698 3.0453
v  -2.7070 4.2698 4.6886
v  0.0000 4.2698 5.4139
v  -2.9300 6.5123 -4.8991
v  -5.0749 6.5123 -3.2963
v  -5.0749 6.5123 3.2962
v  -2.9300 6.5123 5.0749
v  0.0000 6.5123 5.8600
v  -4.6886 8.7548 -3.0453
v  -2.7070 8.7548 -4.6886
v  -2.7070 8.7548 4.6886
v  -4.6886 8.7548 3.0453
v  0.0000 8.7548 5.4139
v  0.0000 8.7548 -5.1267
v  -2.0718 10.6560 -3.5885
v  0.0000 10.6560 -4.1437
v  -3.5885 10.6560 -2.0718
v  -2.0718 10.6560 3.5885
v  -3.5885 10.6560 2.0718
v  0.0000 10.6560 4.1436
v  -1.1213 4.5702 -5.1267
v  0.0000 6.5123 -5.5727
v  -1.9421 5.3910 -5.1267
v  -2.2425 6.5123 -5.1267
v  -1.9421 7.6336 -5.1267
v  -1.1213 8.4544 -5.1267
v  -4.1436 10.6560 -0.0000
v  -3.7143 10.9428 -0.0000
v  -3.2167 10.9428 -1.8572
v  -3.2167 10.9428 1.8571
v  -1.8571 10.9428 3.2167
v  0.0000 10.9428 3.7143
v  -1.8572 10.9428 -3.2167
v  0.0000 10.9428 -3.7143
v  -1.3929 12.4923 -2.4125
v  0.0000 12.4923 -2.7857
v  -2.4125 12.4923 -1.3929
v  -2.7857 12.4923 -0.0000
v  -2.4125 12.4923 1.3929
v  -1.3929 12.4923 2.4125
v  0.0000 12.4923 2.7857
v  -6.5225 4.5165 -0.0000
v  -5.7971 4.5165 -2.7070
v  -6.1834 6.5123 -2.9300
v  -5.7971 8.5082 -2.7070
v  -5.4139 8.7548 -0.0000
v  -6.5225 8.5082 -0.0000
v  -5.7971 8.5082 2.7070
v  -6.1834 6.5123 2.9300
v  -5.7971 4.5165 2.7070
v  -5.8495 7.9612 2.4633
v  -6.2010 6.5123 2.6663
v  -6.5095 7.9612 -0.0000
v  -5.8495 5.0634 2.4633
v  -6.5095 5.0634 -0.0000
v  -6.2010 6.5123 -2.6663
v  -5.8495 7.9612 -2.4633
v  -5.8495 5.0634 -2.4633
v  -9.4352 7.1041 1.5977
v  -9.4352 6.5123 1.7294
v  -9.4352 7.1041 -0.0000
v  -9.4352 5.9205 1.5977
v  -9.4352 5.9205 -0.0000
v  -9.4352 6.5123 -1.7294
v  -9.4352 7.1041 -1.5977
v  -9.4352 5.9205 -1.5977
v  -9.4352 6.5387 -0.0000
v  1.1213 1.0984 -1.9421
v  1.9421 1.0984 -1.1213
v  2.2425 1.0984 -0.0000
v  1.9421 1.0984 1.1213
v  1.1213 1.0984 1.9421
v  2.0718 2.3687 -3.5885
v  3.5885 2.3687 -2.0718
v  4.1437 2.3687 -0.0000
v  3.5885 2.3687 2.0718
v  2.0718 2.3687 3.5885
v  1.1213 4.5702 -5.1267
v  1.9421 5.3910 -5.1267
v  2.2425 6.5123 -5.1267
v  1.9421 7.6336 -5.1267
v  1.1213 8.4544 -5.1267
v  4.1437 10.6560 -0.0000
v  3.5885 10.6560 -2.0718
v  3.2167 10.9428 -1.8572
v  3.7143 10.9428 -0.0000
v  3.2167 10.9428 1.8571
v  3.5885 10.6560 2.0718
v  2.0718 10.6560 3.5885
v  1.8572 10.9428 3.2167
v  1.8572 10.9428 -3.2167
v  2.0718 10.6560 -3.5885
v  1.3929 12.4923 -2.4125
v  2.4125 12.4923 -1.3929
v  2.7857 12.4923 -0.0000
v  2.4125 12.4923 1.3929
v  1.3929 12.4923 2.4125
v  0.0000 12.4923 -2.4917
v  1.2459 12.4923 -2.1579
v  -1.2459 12.4923 -2.1579
v  -2.1579 12.4923 -1.2459
v  -2.4917 12.4923 -0.0000
v  -2.1579 12.4923 1.2459
v  -1.2458 12.4923 2.1579
v  0.0000 12.4923 2.4917
v  1.2459 12.4923 2.1579
v  2.1579 12.4923 1.2458
v  2.4917 12.4923 -0.0000
v  2.1579 12.4923 -1.2459
v  1.6045 12.0923 -0.9263
v  1.8527 12.0923 -0.0000
v  0.9263 12.0923 -1.6045
v  0.0000 12.0923 -1.8527
v  -0.9263 12.0923 -1.6045
v  -1.6044 12.0923 -0.9263
v  -1.8526 12.0923 -0.0000
v  -1.6044 12.0923 0.9263
v  -0.9263 12.0923 1.6044
v  0.0000 12.0923 1.8526
v  0.9263 12.0923 1.6044
v  1.6045 12.0923 0.9263
v  2.7070 4.2698 -4.6886
v  4.6886 4.2698 -3.0453
v  5.4139 4.2698 -0.0000
v  4.6886 4.2698 3.0453
v  2.7070 4.2698 4.6886
v  2.9300 6.5123 -4.8991
v  5.0749 6.5123 -3.2963
v  5.0749 6.5123 3.2962
v  2.9300 6.5123 5.0749
v  2.7070 8.7548 -4.6886
v  4.6886 8.7548 -3.0453
v  4.6886 8.7548 3.0453
v  2.7070 8.7548 4.6886
v  5.7971 4.5165 -2.7070
v  6.5225 4.5165 -0.0000
v  6.1835 6.5123 -2.9300
v  5.7971 8.5082 -2.7070
v  5.4139 8.7548 -0.0000
v  6.5225 8.5082 -0.0000
v  5.7971 8.5082 2.7070
v  6.1835 6.5123 2.9300
v  5.7972 4.5165 2.7070
v  6.2010 6.5123 2.6663
v  5.8495 7.9612 2.4633
v  6.5095 7.9612 -0.0000
v  5.8495 5.0634 2.4633
v  6.5095 5.0634 -0.0000
v  5.8495 7.9612 -2.4634
v  6.2010 6.5123 -2.6663
v  5.8495 5.0634 -2.4634
v  9.4352 6.5123 1.7293
v  9.4352 7.1041 1.5977
v  9.4352 7.1041 -0.0000
v  9.4352 5.9205 1.5977
v  9.4352 5.9205 -0.0000
v  9.4352 7.1041 -1.5977
v  9.4352 6.5123 -1.7294
v  9.4352 5.9205 -1.5977
v  9.4352 6.5387 -0.0000
v  -5.7971 4.6777 -0.0000
v  -5.7971 4.9235 -0.9173
v  -5.7971 5.5950 -1.5889
v  -5.7971 6.5123 -1.8347
v  -5.7971 7.4296 -1.5889
v  -5.7971 8.1012 -0.9173
v  -5.7971 8.3470 -0.0000
v  -5.7971 8.1012 0.9173
v  -5.7971 7.4296 1.5888
v  -5.7971 6.5123 1.8346
v  -5.7971 5.5950 1.5888
v  -5.7971 4.9235 0.9173
v  -10.5426 7.2673 1.3077
v  -10.5426 6.5123 1.5100
v  -10.5426 7.8200 0.7550
v  -10.5426 8.0223 -0.0000
v  -10.5426 7.8200 -0.7550
v  -10.5426 7.2673 -1.3077
v  -10.5426 6.5123 -1.5100
v  -10.5426 5.7573 -1.3077
v  -10.5426 5.2046 -0.7550
v  -10.5426 5.0023 -0.0000
v  -10.5426 5.2046 0.7550
v  -10.5426 5.7573 1.3077
v  -10.5426 6.5123 -1.7592
v  -10.5426 5.6327 -1.5235
v  -10.5426 4.9888 -0.8796
v  -10.5426 4.7532 -0.0000
v  -10.5426 4.9888 0.8796
v  -10.5426 5.6327 1.5235
v  -10.5426 6.5123 1.7591
v  -10.5426 7.3919 1.5235
v  -10.5426 8.0358 0.8796
v  -10.5426 8.2715 -0.0000
v  -10.5426 8.0358 -0.8796
v  -10.5426 7.3919 -1.5235
v  -11.4146 6.5123 -1.7592
v  -11.4146 5.6327 -1.5235
v  -11.4146 4.9888 -0.8796
v  -11.4146 4.7532 -0.0000
v  -11.4146 4.9888 0.8796
v  -11.4146 5.6327 1.5235
v  -11.4146 6.5123 1.7591
v  -11.4146 7.3919 1.5235
v  -11.4146 8.0358 0.8796
v  -11.4146 8.2715 -0.0000
v  -11.4146 8.0358 -0.8796
v  -11.4146 7.3919 -1.5235
v  -11.4146 6.5123 -1.9673
v  -11.4146 5.5287 -1.7037
v  -11.4146 4.8086 -0.9836
v  -11.4146 4.5450 -0.0000
v  -11.4146 4.8086 0.9836
v  -11.4146 5.5287 1.7037
v  -11.4146 6.5123 1.9673
v  -11.4146 7.4959 1.7037
v  -11.4146 8.2160 0.9836
v  -11.4146 8.4796 -0.0000
v  -11.4146 8.2160 -0.9836
v  -11.4146 7.4959 -1.7037
v  -12.6413 6.5123 -1.9673
v  -12.6413 5.5287 -1.7037
v  -12.6413 4.8086 -0.9836
v  -12.6413 4.5450 -0.0000
v  -12.6413 4.8086 0.9836
v  -12.6413 5.5287 1.7037
v  -12.6413 6.5123 1.9673
v  -12.6413 7.4959 1.7037
v  -12.6413 8.2160 0.9836
v  -12.6413 8.4796 -0.0000
v  -12.6413 8.2160 -0.9836
v  -12.6413 7.4959 -1.7037
v  -13.7589 9.3175 0.2000
v  -13.7589 3.7071 0.2000
v  -10.4326 4.1786 0.2000
v  -10.4326 8.8460 0.2000
v  -10.4326 8.8460 -0.2000
v  -13.7589 9.3175 -0.2000
v  -13.7589 3.7071 -0.2000
v  -10.4326 4.1786 -0.2000
v  -9.8246 5.3781 0.2000
v  -9.8246 5.3781 -0.2000
v  -9.8246 7.6465 -0.2000
v  -9.8246 7.6465 0.2000
v  -15.1323 16.2729 -2.6082
v  -14.3717 16.2729 -2.6082
v  -14.3717 16.2729 -3.8347
v  -14.9791 16.2729 -4.2924
v  -7.9448 11.2929 -12.5214
v  -8.4004 11.2929 -12.8647
v  -14.3717 -15.3683 3.8347
v  -14.3717 2.9345 3.8347
v  -7.9448 5.3955 12.5214
v  -15.1323 -15.3683 2.6082
v  -14.3717 -15.3683 2.6082
v  -14.9791 -15.3683 4.2924
v  -15.1323 -15.3683 -2.6082
v  -14.9791 -15.3683 -4.2924
v  -14.3717 -15.3683 -3.8347
v  -14.3717 -15.3683 -2.6082
v  -8.4004 5.3955 12.8647
v  -7.9448 11.2929 12.5214
v  -8.4004 11.2929 12.8647
v  -7.9448 5.3955 -12.5214
v  -8.4004 5.3955 -12.8647
v  -14.3717 16.2729 3.8347
v  -14.3717 2.9345 2.6082
v  -14.3717 16.2729 2.6082
v  -14.3717 2.9345 -2.6082
v  -14.3717 2.9345 -3.8347
v  -14.9791 2.9345 -4.2924
v  -15.1323 2.9345 -2.6082
v  -14.8389 9.5264 1.6466
v  -14.8389 9.5264 -1.6466
v  -16.1850 9.5723 -1.0848
v  -16.1850 9.5723 1.0848
v  -14.8389 8.0194 -4.1165
v  -16.1850 8.0423 -2.7120
v  -14.8389 5.0053 -4.1165
v  -15.4589 3.4982 -1.2522
v  -16.1850 3.4523 -1.0848
v  -16.1850 4.9823 -2.7120
v  -16.1850 6.5123 -2.7120
v  -14.8389 5.0053 4.1165
v  -14.8389 8.0194 4.1165
v  -16.1850 8.0423 2.7120
v  -16.1850 6.5123 2.7120
v  -16.1850 4.9823 2.7120
v  -16.7510 8.6123 0.5452
v  -16.7510 7.6675 0.5616
v  -16.7510 7.6616 1.4400
v  -16.7510 6.5123 0.5616
v  -16.7510 6.5123 1.4400
v  -16.7510 7.6675 -0.5616
v  -16.7510 8.6123 -0.5452
v  -16.7510 6.5123 -0.5616
v  -16.7510 7.6616 -1.4400
v  -16.7510 6.5123 -1.4400
v  -16.7510 5.3572 0.5616
v  -16.7510 5.3630 1.4400
v  -16.7510 4.4123 0.5452
v  -16.7510 5.3572 -0.5616
v  -16.7510 4.4123 -0.5452
v  -16.7510 5.3630 -1.4400
v  -16.1850 3.4523 1.0848
v  -15.4589 3.4982 1.2522
v  -16.1850 9.1363 -0.8719
v  -16.1850 9.1363 0.8719
v  -16.1850 7.8694 -2.2193
v  -16.1850 6.5123 -2.2193
v  -16.1850 5.1552 -2.2193
v  -16.1850 3.8883 -0.8719
v  -16.1850 3.8883 0.8719
v  -16.1850 5.1552 2.2193
v  -16.1850 6.5123 2.2193
v  -16.1850 7.8694 2.2193
v  -12.6413 5.5224 -2.0806
v  -12.6413 5.5224 2.0806
v  -12.6413 3.9534 0.4443
v  -12.6413 3.9534 -0.4443
v  -12.6413 7.5198 2.0806
v  -12.6413 7.5198 -2.0806
v  -12.6413 8.6430 -0.9092
v  -12.6413 8.6430 0.9092
v  -13.7589 2.9342 0.6706
v  -13.7589 2.9342 -0.6706
v  -13.5613 2.9342 -0.6706
v  -13.5613 2.9342 0.6706
v  -13.7589 3.8996 -0.6706
v  -13.5613 3.8996 -0.6706
v  -13.7589 5.5046 -3.1405
v  -13.5613 5.5046 -3.1405
v  -13.7589 7.5478 -3.1405
v  -13.5613 7.5478 -3.1405
v  -13.7589 8.6968 -1.3723
v  -13.5613 8.6968 -1.3723
v  -13.7589 8.6968 1.3723
v  -13.5613 8.6968 1.3723
v  -13.7589 7.5478 3.1405
v  -13.5613 7.5478 3.1405
v  -13.7589 5.5046 3.1405
v  -13.5613 5.5046 3.1405
v  -13.7589 3.8996 0.6706
v  -13.5613 3.8996 0.6706
v  -13.7589 8.0194 4.1165
v  -13.7589 5.0053 4.1165
v  -13.7589 5.0053 -4.1165
v  -13.7589 8.0194 -4.1165
v  -13.7589 9.5264 -1.6466
v  -13.7589 9.5264 1.6466
v  -13.7589 3.4982 -0.9565
v  -13.7589 3.4982 0.9565
v  -15.4589 1.9582 1.2522
v  -13.7589 1.9582 0.9565
v  -15.4589 1.9582 -1.2522
v  -13.7589 1.9582 -0.9565
v  -15.1323 16.2729 2.6082
v  -14.9791 16.2729 4.2924
v  -14.9791 2.9345 4.2924
v  -15.1323 2.9345 2.6082
v  -14.1926 -13.2926 -3.3112
v  -14.3717 -13.2926 -3.2078
v  -14.3717 -13.2926 -3.0010
v  -14.1926 -13.2926 -2.8976
v  -14.0135 -13.2926 -3.0010
v  -14.0135 -13.2926 -3.2078
v  -14.1926 -16.2730 -3.3112
v  -14.0135 -16.2730 -3.2078
v  -14.0135 -16.2730 -3.0010
v  -14.1926 -16.2730 -2.8976
v  -14.3717 -16.2730 -3.0010
v  -14.3717 -16.2730 -3.2078
v  -14.1926 -14.1867 -3.3112
v  -14.0135 -14.1867 -3.2078
v  -14.0135 -14.1867 -3.0010
v  -14.1926 -14.1867 -2.8976
v  -14.3717 -14.1867 -3.0010
v  -14.3717 -14.1867 -3.2078
v  -14.1926 -14.1867 -2.6416
v  -14.0135 -14.1867 -2.7450
v  -14.0135 -13.2926 -2.7450
v  -14.1926 -13.2926 -2.6416
v  -14.3717 -14.1867 -2.7450
v  -14.3717 -13.2926 -2.7450
v  -14.1926 -13.2926 3.3111
v  -14.0135 -13.2926 3.2077
v  -14.0135 -13.2926 3.0009
v  -14.1926 -13.2926 2.8975
v  -14.3717 -13.2926 3.0009
v  -14.3717 -13.2926 3.2077
v  -14.1926 -16.2730 3.3111
v  -14.3717 -16.2730 3.2077
v  -14.3717 -16.2730 3.0009
v  -14.1926 -16.2730 2.8975
v  -14.0135 -16.2730 3.0009
v  -14.0135 -16.2730 3.2077
v  -14.0135 -14.1867 3.2077
v  -14.1926 -14.1867 3.3111
v  -14.0135 -14.1867 3.0009
v  -14.1926 -14.1867 2.8975
v  -14.3717 -14.1867 3.0009
v  -14.3717 -14.1867 3.2077
v  -14.1926 -14.1867 2.6415
v  -14.0135 -14.1867 2.7449
v  -14.0135 -13.2926 2.7449
v  -14.1926 -13.2926 2.6415
v  -14.3717 -14.1867 2.7449
v  -14.3717 -13.2926 2.7449
# 675 vertices

vn -0.3512 -0.9363 -0.0000
vn -0.3512 -0.8108 0.4681
vn -0.3512 -0.4681 0.8108
vn -0.3512 -0.0000 0.9363
vn -0.3512 0.4681 0.8108
vn -0.3512 0.8108 0.4681
vn -0.3512 0.9363 0.0000
vn -0.3512 0.8108 -0.4681
vn -0.3512 0.4681 -0.8108
vn -0.3512 0.0000 -0.9363
vn -0.3512 -0.4681 -0.8108
vn -0.3512 -0.8108 -0.4681
vn -0.1175 -0.0000 0.9931
vn -0.1175 0.4965 0.8600
vn -0.1175 0.8600 0.4965
vn -0.1175 0.9931 0.0000
vn -0.1175 0.8600 -0.4965
vn -0.1175 0.4965 -0.8600
vn -0.1175 0.0000 -0.9931
vn -0.1175 -0.4965 -0.8600
vn -0.1175 -0.8600 -0.4965
vn -0.1175 -0.9931 -0.0000
vn -0.1175 -0.8600 0.4965
vn -0.1175 -0.4965 0.8600
vn -0.4358 0.0000 -0.9000
vn -0.4358 -0.4500 -0.7794
vn -0.4358 -0.7794 -0.4500
vn -0.4358 -0.9000 -0.0000
vn -0.4358 -0.7794 0.4500
vn -0.4358 -0.4500 0.7794
vn -0.4358 -0.0000 0.9000
vn -0.4358 0.4500 0.7794
vn -0.4358 0.7794 0.4500
vn -0.4358 0.9000 0.0000
vn -0.4358 0.7794 -0.4500
vn -0.4358 0.4500 -0.7794
vn -0.5423 0.0000 -0.8402
vn -0.5423 -0.4201 -0.7276
vn -0.5423 -0.7276 -0.4201
vn -0.5423 -0.8402 -0.0000
vn -0.5423 -0.7276 0.4201
vn -0.5423 -0.4201 0.7276
vn -0.5423 -0.0000 0.8402
vn -0.5423 0.4201 0.7276
vn -0.5423 0.7276 0.4201
vn -0.5423 0.8402 0.0000
vn -0.5423 0.7276 -0.4201
vn -0.5423 0.4201 -0.7276
vn -0.2812 0.0000 -0.9596
vn -0.2812 -0.4798 -0.8311
vn -0.2812 -0.8311 -0.4798
vn -0.2812 -0.9596 -0.0000
vn -0.2812 -0.8311 0.4798
vn -0.2812 -0.4798 0.8311
vn -0.2812 -0.0000 0.9596
vn -0.2812 0.4798 0.8311
vn -0.2812 0.8311 0.4798
vn -0.2812 0.9596 0.0000
vn -0.2812 0.8311 -0.4798
vn -0.2812 0.4798 -0.8311
vn -0.0000 0.0000 -1.0000
vn -0.0000 -0.5000 -0.8660
vn 0.0000 -0.8660 -0.5000
vn 0.0000 -1.0000 -0.0000
vn 0.0000 -0.8660 0.5000
vn 0.0000 -0.5000 0.8660
vn 0.0000 -0.0000 1.0000
vn 0.0000 0.5000 0.8660
vn -0.0000 0.8660 0.5000
vn -0.0000 1.0000 0.0000
vn -0.0000 0.8660 -0.5000
vn -0.0000 0.5000 -0.8660
vn -0.0018 0.0703 0.9975
vn -0.0035 0.0456 0.9990
vn -0.0035 -0.0456 0.9990
vn -0.0018 -0.0703 0.9975
vn -0.0035 0.0456 -0.9990
vn -0.0018 0.0703 -0.9975
vn -0.0018 -0.0703 -0.9975
vn -0.0035 -0.0456 -0.9990
vn -0.0037 -0.0104 0.9999
vn -0.0037 -0.0104 -0.9999
vn -0.0037 0.0104 -0.9999
vn -0.0037 0.0104 0.9999
vn 0.8927 0.4072 -0.1930
vn 0.7448 0.5545 -0.3713
vn 0.2292 0.0154 -0.9733
vn 0.2124 0.0867 -0.9733
vn -0.1198 0.4758 -0.8714
vn -0.0474 0.9374 -0.3450
vn -0.2394 0.0000 -0.9709
vn 0.2138 -0.0316 0.9764
vn 0.1921 -0.0614 0.9795
vn -0.1263 -0.3732 0.9191
vn -0.1144 -0.5423 0.8323
vn 0.2124 0.0867 0.9733
vn -0.1198 0.4758 0.8714
vn 0.1921 -0.0614 -0.9795
vn -0.1263 -0.3732 -0.9191
vn -1.0000 -0.0000 0.0000
vn -0.9842 -0.0485 -0.1701
vn -0.9842 -0.0485 0.1701
vn -0.2394 -0.0000 0.9709
vn 0.9574 0.0000 -0.2888
vn 0.8949 0.0000 -0.4462
vn 0.2312 0.0000 -0.9729
vn 0.2138 -0.0316 -0.9764
vn -0.8878 -0.0000 -0.4603
vn -0.8878 -0.0000 0.4603
vn -0.1144 -0.5423 -0.8323
vn 0.0000 -0.2741 0.9617
vn 0.0219 0.9754 0.2191
vn 0.0185 0.9810 0.1932
vn 0.0215 0.9808 -0.1938
vn 0.0251 0.9755 -0.2184
vn 0.1523 0.4206 -0.8944
vn 0.1576 0.3776 -0.9125
vn 0.1733 -0.1602 -0.9717
vn 0.1503 -0.3520 -0.9239
vn 0.0341 -0.9193 -0.3921
vn 0.1696 -0.8724 -0.4584
vn 0.1870 0.0000 -0.9824
vn 0.1733 -0.1602 0.9717
vn 0.1503 -0.3520 0.9239
vn 0.1870 -0.0000 0.9824
vn 0.1475 0.4217 0.8947
vn 0.1535 0.3766 0.9136
vn 1.0000 0.0000 -0.0000
vn 1.0000 0.0000 0.0000
vn 1.0000 -0.0000 0.0000
vn 1.0000 -0.0000 -0.0000
vn 0.1696 -0.8724 0.4584
vn 0.0341 -0.9193 0.3921
vn 0.2448 -0.2772 -0.9291
vn 0.2443 -0.2917 -0.9248
vn 0.1999 -0.8993 -0.3889
vn 0.2005 -0.8929 -0.4030
vn 0.2027 -0.8989 0.3885
vn 0.2034 -0.8926 0.4024
vn 0.2464 -0.2913 0.9244
vn 0.2467 -0.2770 0.9286
vn 0.2436 -0.0000 0.9699
vn 0.2443 0.2917 0.9248
vn 0.2448 0.2772 0.9291
vn 0.1999 0.8993 0.3889
vn 0.2005 0.8929 0.4030
vn 0.2027 0.8989 -0.3885
vn 0.2034 0.8926 -0.4024
vn 0.2464 0.2913 -0.9244
vn 0.2467 0.2770 -0.9286
vn 0.2436 0.0000 -0.9699
vn -0.9995 -0.0259 0.0187
vn 0.0000 -0.8116 0.5842
vn -0.0000 -0.8116 -0.5842
vn -0.9995 -0.0259 -0.0187
vn -0.0000 -0.6929 -0.7211
vn -0.9887 -0.1037 -0.1080
vn -0.0000 -0.5606 -0.8281
vn -0.9953 -0.0542 -0.0801
vn -0.0000 0.4845 -0.8748
vn -0.9968 0.0389 -0.0702
vn -0.0000 0.9971 -0.0757
vn -0.9372 0.3479 -0.0264
vn -0.0000 0.9971 0.0757
vn -0.9372 0.3479 0.0264
vn 0.0000 0.4845 0.8748
vn -0.9968 0.0389 0.0702
vn 0.0000 -0.5606 0.8281
vn -0.9953 -0.0542 0.0801
vn 0.0000 -0.6929 0.7211
vn -0.9887 -0.1037 0.1080
vn -0.1601 -0.4612 -0.8727
vn -0.1535 -0.5015 -0.8514
vn -0.1671 0.4311 -0.8867
vn -0.1730 0.3875 -0.9055
vn -0.0445 0.9689 -0.2433
vn -0.0489 0.9600 -0.2756
vn -0.0481 0.9686 0.2438
vn -0.0528 0.9601 0.2747
vn -0.1720 0.4301 0.8862
vn -0.1772 0.3883 0.9044
vn -0.1455 -0.5030 0.8520
vn -0.1531 -0.4602 0.8745
vn -0.0602 -0.8909 0.4501
vn -0.1320 -0.8784 0.4594
vn -0.0693 -0.8902 -0.4502
vn -0.1412 -0.8778 -0.4577
vn 0.0000 0.4794 0.8776
vn -0.0047 -0.6180 0.7861
vn -0.0054 -0.7036 0.7106
vn -0.0047 -0.6180 -0.7861
vn -0.0000 0.4794 -0.8776
vn -0.0054 -0.7036 -0.7106
vn -0.0000 0.9868 -0.1622
vn -0.0000 0.9868 0.1622
vn -0.0183 -0.6617 -0.7495
vn -0.0234 -0.4992 -0.8662
vn -0.0183 -0.6617 0.7495
vn -0.0234 -0.4992 0.8662
vn -0.0317 -0.0000 0.9995
vn 0.1878 -0.9822 -0.0000
vn -0.0317 0.0000 -0.9995
vn 0.8927 0.4072 0.1930
vn 0.7448 0.5545 0.3713
vn 0.2292 0.0154 0.9733
vn -0.0474 0.9374 0.3450
vn 0.2312 -0.0000 0.9729
vn 0.8949 0.0000 0.4462
vn 0.9574 0.0000 0.2888
vn -0.0000 -0.2741 -0.9617
vn -0.1047 0.0000 -0.9945
vn -0.1047 -0.0000 0.9945
vn 0.1047 -0.0000 0.9945
vn 0.1047 0.0000 -0.9945
vn 0.0000 -0.8730 -0.4877
vn -0.2439 -0.8730 -0.4224
vn -0.4224 -0.8730 -0.2439
vn -0.4877 -0.8730 -0.0000
vn -0.4224 -0.8730 0.2439
vn -0.2439 -0.8730 0.4224
vn 0.0000 -0.8730 0.4877
vn -0.3476 -0.6643 -0.6617
vn -0.0000 -0.6379 -0.7701
vn -0.6439 -0.6759 -0.3585
vn -0.7476 -0.6641 -0.0003
vn -0.6441 -0.6756 0.3588
vn -0.3574 -0.6712 0.6495
vn 0.0000 -0.6623 0.7492
vn -0.0000 -0.4575 -0.8892
vn -0.4722 -0.4076 -0.7816
vn -0.6357 -0.4960 -0.5915
vn -0.6257 -0.7801 -0.0003
vn -0.6390 -0.5006 0.5841
vn -0.4294 -0.3675 0.8250
vn 0.0000 -0.3558 0.9346
vn -0.5871 0.0000 -0.8095
vn -0.5304 0.0000 -0.8478
vn -0.5468 -0.0000 0.8373
vn -0.4520 -0.0000 0.8920
vn -0.6357 0.4960 -0.5915
vn -0.4722 0.4076 -0.7816
vn -0.4294 0.3675 0.8250
vn -0.6390 0.5006 0.5841
vn 0.0000 0.3558 0.9346
vn -0.0000 0.4575 -0.8892
vn -0.3664 0.5967 -0.7139
vn -0.0000 0.5575 -0.8302
vn -0.6888 0.6172 -0.3803
vn -0.3793 0.6082 0.6973
vn -0.6890 0.6168 0.3806
vn 0.0000 0.5959 0.8030
vn -0.1267 -0.2593 -0.9574
vn -0.2311 -0.1226 -0.9652
vn -0.2567 0.0000 -0.9665
vn -0.2311 0.1226 -0.9652
vn -0.1267 0.2593 -0.9574
vn -0.7978 0.6030 -0.0004
vn -0.7829 0.6222 0.0000
vn -0.6780 0.6222 -0.3914
vn -0.6780 0.6222 0.3914
vn -0.3914 0.6222 0.6780
vn 0.0000 0.6222 0.7829
vn -0.3914 0.6222 -0.6780
vn -0.0000 0.6222 -0.7829
vn -0.2219 0.8961 -0.3843
vn -0.0000 0.8961 -0.4438
vn -0.3843 0.8961 -0.2219
vn -0.4438 0.8961 0.0000
vn -0.3843 0.8961 0.2219
vn -0.2219 0.8961 0.3843
vn -0.0000 0.8961 0.4438
vn -0.6206 -0.7841 -0.0000
vn -0.4789 -0.7124 -0.5129
vn -0.4951 0.0000 -0.8689
vn -0.4789 0.7124 -0.5129
vn -0.6257 0.7801 -0.0003
vn -0.6206 0.7841 0.0000
vn -0.4789 0.7124 0.5129
vn -0.4951 -0.0000 0.8689
vn -0.4789 -0.7124 0.5129
vn -0.6060 0.6823 0.4090
vn -0.3989 -0.0000 0.9170
vn -0.4220 0.9066 0.0000
vn -0.6060 -0.6823 0.4090
vn -0.4220 -0.9066 -0.0000
vn -0.3989 0.0000 -0.9170
vn -0.6060 0.6823 -0.4090
vn -0.6060 -0.6823 -0.4090
vn -0.6390 0.6910 0.3380
vn -0.7808 -0.0000 0.6247
vn -0.6620 0.7495 0.0000
vn -0.6390 -0.6910 0.3380
vn -0.6620 -0.7495 -0.0000
vn -0.7808 0.0000 -0.6247
vn -0.6390 0.6910 -0.3380
vn -0.6390 -0.6910 -0.3380
vn 0.2439 -0.8730 -0.4224
vn 0.4224 -0.8730 -0.2439
vn 0.4877 -0.8730 -0.0000
vn 0.4224 -0.8730 0.2439
vn 0.2439 -0.8730 0.4224
vn 0.3476 -0.6643 -0.6617
vn 0.6439 -0.6759 -0.3585
vn 0.7476 -0.6641 -0.0003
vn 0.6441 -0.6756 0.3588
vn 0.3574 -0.6712 0.6495
vn 0.1267 -0.2593 -0.9574
vn 0.2311 -0.1226 -0.9652
vn 0.2567 0.0000 -0.9665
vn 0.2311 0.1226 -0.9652
vn 0.1267 0.2593 -0.9574
vn 0.7978 0.6030 -0.0004
vn 0.6888 0.6172 -0.3803
vn 0.6780 0.6222 -0.3914
vn 0.7829 0.6222 -0.0000
vn 0.6780 0.6222 0.3914
vn 0.6890 0.6168 0.3806
vn 0.3793 0.6082 0.6973
vn 0.3914 0.6222 0.6780
vn 0.3914 0.6222 -0.6780
vn 0.3664 0.5967 -0.7139
vn 0.2219 0.8961 -0.3843
vn 0.3843 0.8961 -0.2219
vn 0.4438 0.8961 0.0000
vn 0.3843 0.8961 0.2219
vn 0.2219 0.8961 0.3843
vn -0.0000 0.9981 0.0618
vn -0.0309 0.9981 0.0535
vn 0.0309 0.9981 0.0535
vn 0.0535 0.9981 0.0309
vn 0.0618 0.9981 0.0000
vn 0.0535 0.9981 -0.0309
vn 0.0309 0.9981 -0.0535
vn -0.0000 0.9981 -0.0618
vn -0.0309 0.9981 -0.0535
vn -0.0535 0.9981 -0.0309
vn -0.0618 0.9981 0.0000
vn -0.0535 0.9981 0.0309
vn -0.0457 0.9986 0.0264
vn -0.0528 0.9986 0.0000
vn -0.0264 0.9986 0.0457
vn -0.0000 0.9986 0.0528
vn 0.0264 0.9986 0.0457
vn 0.0457 0.9986 0.0264
vn 0.0528 0.9986 0.0000
vn 0.0457 0.9986 -0.0264
vn 0.0264 0.9986 -0.0457
vn -0.0000 0.9986 -0.0528
vn -0.0264 0.9986 -0.0457
vn -0.0457 0.9986 -0.0264
vn 0.4722 -0.4076 -0.7816
vn 0.6357 -0.4960 -0.5915
vn 0.6257 -0.7801 -0.0003
vn 0.6390 -0.5006 0.5841
vn 0.4294 -0.3675 0.8250
vn 0.5871 0.0000 -0.8095
vn 0.5304 0.0000 -0.8478
vn 0.5468 -0.0000 0.8373
vn 0.4520 -0.0000 0.8920
vn 0.4722 0.4076 -0.7816
vn 0.6357 0.4960 -0.5915
vn 0.6390 0.5006 0.5841
vn 0.4294 0.3675 0.8250
vn 0.4789 -0.7124 -0.5129
vn 0.6206 -0.7841 -0.0000
vn 0.4951 0.0000 -0.8689
vn 0.4789 0.7124 -0.5129
vn 0.6257 0.7801 -0.0003
vn 0.6206 0.7841 0.0000
vn 0.4789 0.7124 0.5129
vn 0.4951 -0.0000 0.8689
vn 0.4789 -0.7124 0.5129
vn 0.3989 -0.0000 0.9170
vn 0.6060 0.6823 0.4090
vn 0.4220 0.9066 0.0000
vn 0.6060 -0.6823 0.4090
vn 0.4220 -0.9066 -0.0000
vn 0.6060 0.6823 -0.4090
vn 0.3989 0.0000 -0.9170
vn 0.6060 -0.6823 -0.4090
vn 0.7808 -0.0000 0.6247
vn 0.6390 0.6910 0.3380
vn 0.6620 0.7495 0.0000
vn 0.6390 -0.6910 0.3380
vn 0.6620 -0.7495 -0.0000
vn 0.6390 0.6910 -0.3380
vn 0.7808 0.0000 -0.6247
vn 0.6390 -0.6910 -0.3380
vn 0.3512 -0.9363 -0.0000
vn 0.3512 -0.8108 -0.4681
vn 0.3512 -0.4681 -0.8108
vn 0.3512 0.0000 -0.9363
vn 0.3512 0.4681 -0.8108
vn 0.3512 0.8108 -0.4681
vn 0.3512 0.9363 0.0000
vn 0.3512 0.8108 0.4681
vn 0.3512 0.4681 0.8108
vn 0.3512 -0.0000 0.9363
vn 0.3512 -0.4681 0.8108
vn 0.3512 -0.8108 0.4681
vn 0.1175 0.4965 0.8600
vn 0.1175 -0.0000 0.9931
vn 0.1175 0.8600 0.4965
vn 0.1175 0.9931 0.0000
vn 0.1175 0.8600 -0.4965
vn 0.1175 0.4965 -0.8600
vn 0.1175 0.0000 -0.9931
vn 0.1175 -0.4965 -0.8600
vn 0.1175 -0.8600 -0.4965
vn 0.1175 -0.9931 -0.0000
vn 0.1175 -0.8600 0.4965
vn 0.1175 -0.4965 0.8600
vn 0.4358 0.0000 -0.9000
vn 0.4358 -0.4500 -0.7794
vn 0.4358 -0.7794 -0.4500
vn 0.4358 -0.9000 -0.0000
vn 0.4358 -0.7794 0.4500
vn 0.4358 -0.4500 0.7794
vn 0.4358 -0.0000 0.9000
vn 0.4358 0.4500 0.7794
vn 0.4358 0.7794 0.4500
vn 0.4358 0.9000 0.0000
vn 0.4358 0.7794 -0.4500
vn 0.4358 0.4500 -0.7794
vn 0.5423 0.0000 -0.8402
vn 0.5423 -0.4201 -0.7276
vn 0.5423 -0.7276 -0.4201
vn 0.5423 -0.8402 -0.0000
vn 0.5423 -0.7276 0.4201
vn 0.5423 -0.4201 0.7276
vn 0.5423 -0.0000 0.8402
vn 0.5423 0.4201 0.7276
vn 0.5423 0.7276 0.4201
vn 0.5423 0.8402 0.0000
vn 0.5423 0.7276 -0.4201
vn 0.5423 0.4201 -0.7276
vn 0.2812 0.0000 -0.9596
vn 0.2812 -0.4798 -0.8311
vn 0.2812 -0.8311 -0.4798
vn 0.2812 -0.9596 -0.0000
vn 0.2812 -0.8311 0.4798
vn 0.2812 -0.4798 0.8311
vn 0.2812 -0.0000 0.9596
vn 0.2812 0.4798 0.8311
vn 0.2812 0.8311 0.4798
vn 0.2812 0.9596 0.0000
vn 0.2812 0.8311 -0.4798
vn 0.2812 0.4798 -0.8311
vn 0.0018 0.0703 0.9975
vn 0.0018 -0.0703 0.9975
vn 0.0035 -0.0456 0.9990
vn 0.0035 0.0456 0.9990
vn 0.0035 0.0456 -0.9990
vn 0.0018 0.0703 -0.9975
vn 0.0018 -0.0703 -0.9975
vn 0.0035 -0.0456 -0.9990
vn 0.0037 -0.0104 0.9999
vn 0.0037 -0.0104 -0.9999
vn 0.0037 0.0104 -0.9999
vn 0.0037 0.0104 0.9999
vn -0.8927 0.4072 -0.1930
vn -0.7448 0.5545 -0.3713
vn -0.2292 0.0154 -0.9733
vn 0.0474 0.9374 -0.3450
vn 0.1198 0.4758 -0.8714
vn -0.2124 0.0867 -0.9733
vn 0.2394 0.0000 -0.9709
vn -0.2138 -0.0316 0.9764
vn 0.1144 -0.5423 0.8323
vn 0.1263 -0.3732 0.9191
vn -0.1921 -0.0614 0.9795
vn 0.1198 0.4758 0.8714
vn -0.2124 0.0867 0.9733
vn 0.1263 -0.3732 -0.9191
vn -0.1921 -0.0614 -0.9795
vn 0.9842 -0.0485 -0.1701
vn 0.9842 -0.0485 0.1701
vn 0.2394 -0.0000 0.9709
vn -0.8949 -0.0000 -0.4462
vn -0.9574 -0.0000 -0.2888
vn -0.2312 0.0000 -0.9729
vn -0.2138 -0.0316 -0.9764
vn 0.8878 0.0000 -0.4603
vn 0.8878 0.0000 0.4603
vn 0.1144 -0.5423 -0.8323
vn -0.0219 0.9754 0.2191
vn -0.0251 0.9755 -0.2184
vn -0.0215 0.9808 -0.1938
vn -0.0185 0.9810 0.1932
vn -0.1576 0.3776 -0.9125
vn -0.1523 0.4206 -0.8944
vn -0.1733 -0.1602 -0.9717
vn -0.1696 -0.8724 -0.4584
vn -0.0341 -0.9193 -0.3921
vn -0.1503 -0.3520 -0.9239
vn -0.1870 0.0000 -0.9824
vn -0.1733 -0.1602 0.9717
vn -0.1535 0.3766 0.9136
vn -0.1475 0.4217 0.8947
vn -0.1870 -0.0000 0.9824
vn -0.1503 -0.3520 0.9239
vn -1.0000 0.0000 0.0000
vn -1.0000 0.0000 -0.0000
vn -1.0000 -0.0000 -0.0000
vn -0.0341 -0.9193 0.3921
vn -0.1696 -0.8724 0.4584
vn -0.2448 -0.2772 -0.9291
vn -0.2005 -0.8929 -0.4030
vn -0.1999 -0.8993 -0.3889
vn -0.2443 -0.2917 -0.9248
vn -0.2034 -0.8926 0.4024
vn -0.2027 -0.8989 0.3885
vn -0.2467 -0.2770 0.9286
vn -0.2464 -0.2913 0.9244
vn -0.2436 -0.0000 0.9699
vn -0.2448 0.2772 0.9291
vn -0.2443 0.2917 0.9248
vn -0.2005 0.8929 0.4030
vn -0.1999 0.8993 0.3889
vn -0.2034 0.8926 -0.4024
vn -0.2027 0.8989 -0.3885
vn -0.2467 0.2770 -0.9286
vn -0.2464 0.2913 -0.9244
vn -0.2436 0.0000 -0.9699
vn 0.9995 -0.0259 0.0187
vn 0.9995 -0.0259 -0.0187
vn 0.9887 -0.1037 -0.1080
vn 0.9953 -0.0542 -0.0801
vn 0.9968 0.0389 -0.0702
vn 0.9372 0.3479 -0.0264
vn 0.9372 0.3479 0.0264
vn 0.9968 0.0389 0.0702
vn 0.9953 -0.0542 0.0801
vn 0.9887 -0.1037 0.1080
vn 0.1601 -0.4612 -0.8727
vn 0.1730 0.3875 -0.9055
vn 0.1671 0.4311 -0.8867
vn 0.1535 -0.5015 -0.8514
vn 0.0489 0.9600 -0.2756
vn 0.0445 0.9689 -0.2433
vn 0.0528 0.9601 0.2747
vn 0.0481 0.9686 0.2438
vn 0.1772 0.3883 0.9044
vn 0.1720 0.4301 0.8862
vn 0.1531 -0.4602 0.8745
vn 0.1455 -0.5030 0.8520
vn 0.1320 -0.8784 0.4594
vn 0.0602 -0.8909 0.4501
vn 0.1412 -0.8778 -0.4577
vn 0.0693 -0.8902 -0.4502
vn 0.0054 -0.7036 0.7106
vn 0.0047 -0.6180 0.7861
vn 0.0047 -0.6180 -0.7861
vn 0.0054 -0.7036 -0.7106
vn 0.0183 -0.6617 -0.7495
vn 0.0234 -0.4992 -0.8662
vn 0.0183 -0.6617 0.7495
vn 0.0234 -0.4992 0.8662
vn 0.0317 -0.0000 0.9995
vn -0.1878 -0.9822 -0.0000
vn 0.0317 0.0000 -0.9995
vn -0.8927 0.4072 0.1930
vn -0.7448 0.5545 0.3713
vn -0.2292 0.0154 0.9733
vn 0.0474 0.9374 0.3450
vn -0.2312 -0.0000 0.9729
vn -0.8949 -0.0000 0.4462
vn -0.9574 -0.0000 0.2888
# 568 vertex normals

vt 0.2874 0.8788 0.0000
vt 0.2985 0.8853 0.0000
vt 0.3049 0.8964 0.0000
vt 0.3049 0.9092 0.0000
vt 0.2985 0.9203 0.0000
vt 0.2874 0.9267 0.0000
vt 0.2746 0.9267 0.0000
vt 0.2635 0.9203 0.0000
vt 0.2571 0.9092 0.0000
vt 0.2571 0.8964 0.0000
vt 0.2635 0.8853 0.0000
vt 0.2746 0.8788 0.0000
vt 0.5406 0.9884 0.0000
vt 0.5406 0.9002 0.0000
vt 0.5259 0.9002 0.0000
vt 0.5259 0.9884 0.0000
vt 0.5112 0.9002 0.0000
vt 0.5112 0.9884 0.0000
vt 0.4965 0.9002 0.0000
vt 0.4965 0.9884 0.0000
vt 0.4818 0.9002 0.0000
vt 0.4818 0.9884 0.0000
vt 0.4671 0.9002 0.0000
vt 0.4671 0.9884 0.0000
vt 0.4524 0.9002 0.0000
vt 0.4524 0.9884 0.0000
vt 0.4377 0.9002 0.0000
vt 0.4377 0.9884 0.0000
vt 0.4230 0.9884 0.0000
vt 0.4230 0.9002 0.0000
vt 0.4083 0.9002 0.0000
vt 0.4083 0.9884 0.0000
vt 0.3936 0.9002 0.0000
vt 0.3936 0.9884 0.0000
vt 0.3789 0.9002 0.0000
vt 0.3789 0.9884 0.0000
vt 0.3642 0.9002 0.0000
vt 0.3642 0.9884 0.0000
vt 0.5847 0.4008 0.0000
vt 0.5879 0.3869 0.0000
vt 0.5841 0.3870 0.0000
vt 0.5813 0.3989 0.0000
vt 0.5838 0.3733 0.0000
vt 0.5805 0.3753 0.0000
vt 0.5734 0.3636 0.0000
vt 0.5715 0.3670 0.0000
vt 0.5595 0.3604 0.0000
vt 0.5596 0.3643 0.0000
vt 0.5459 0.3645 0.0000
vt 0.5479 0.3678 0.0000
vt 0.5362 0.3749 0.0000
vt 0.5396 0.3768 0.0000
vt 0.5330 0.3888 0.0000
vt 0.5369 0.3887 0.0000
vt 0.5371 0.4024 0.0000
vt 0.5404 0.4004 0.0000
vt 0.5475 0.4121 0.0000
vt 0.5494 0.4087 0.0000
vt 0.5614 0.4153 0.0000
vt 0.5613 0.4115 0.0000
vt 0.5750 0.4112 0.0000
vt 0.5730 0.4079 0.0000
vt 0.2425 0.9884 0.0000
vt 0.2630 0.9885 0.0000
vt 0.2632 0.9669 0.0000
vt 0.2427 0.9669 0.0000
vt 0.2836 0.9885 0.0000
vt 0.2838 0.9669 0.0000
vt 0.3040 0.9887 0.0000
vt 0.3042 0.9671 0.0000
vt 0.0576 0.9881 0.0000
vt 0.0782 0.9881 0.0000
vt 0.0784 0.9666 0.0000
vt 0.0578 0.9665 0.0000
vt 0.0987 0.9882 0.0000
vt 0.0989 0.9666 0.0000
vt 0.1193 0.9882 0.0000
vt 0.1195 0.9666 0.0000
vt 0.1398 0.9883 0.0000
vt 0.1400 0.9667 0.0000
vt 0.1603 0.9883 0.0000
vt 0.1605 0.9667 0.0000
vt 0.1809 0.9883 0.0000
vt 0.1811 0.9668 0.0000
vt 0.2014 0.9884 0.0000
vt 0.2016 0.9668 0.0000
vt 0.2220 0.9884 0.0000
vt 0.2222 0.9668 0.0000
vt 0.6027 0.3878 0.0000
vt 0.6182 0.3913 0.0000
vt 0.6181 0.3881 0.0000
vt 0.6042 0.3849 0.0000
vt 0.6334 0.3867 0.0000
vt 0.6317 0.3839 0.0000
vt 0.6443 0.3750 0.0000
vt 0.6414 0.3735 0.0000
vt 0.6479 0.3595 0.0000
vt 0.6446 0.3596 0.0000
vt 0.6432 0.3443 0.0000
vt 0.6404 0.3460 0.0000
vt 0.6316 0.3334 0.0000
vt 0.6300 0.3363 0.0000
vt 0.6160 0.3298 0.0000
vt 0.6162 0.3331 0.0000
vt 0.6008 0.3345 0.0000
vt 0.6025 0.3373 0.0000
vt 0.5899 0.3461 0.0000
vt 0.5928 0.3477 0.0000
vt 0.5864 0.3617 0.0000
vt 0.5896 0.3615 0.0000
vt 0.5910 0.3769 0.0000
vt 0.5938 0.3752 0.0000
vt 0.2786 0.9640 0.0000
vt 0.3031 0.9640 0.0000
vt 0.3034 0.9356 0.0000
vt 0.2788 0.9356 0.0000
vt 0.3276 0.9641 0.0000
vt 0.3279 0.9357 0.0000
vt 0.3524 0.9359 0.0000
vt 0.3521 0.9643 0.0000
vt 0.0576 0.9634 0.0000
vt 0.0822 0.9635 0.0000
vt 0.0824 0.9351 0.0000
vt 0.0579 0.9350 0.0000
vt 0.1067 0.9636 0.0000
vt 0.1070 0.9351 0.0000
vt 0.1313 0.9636 0.0000
vt 0.1315 0.9352 0.0000
vt 0.1558 0.9637 0.0000
vt 0.1561 0.9353 0.0000
vt 0.1804 0.9637 0.0000
vt 0.1806 0.9353 0.0000
vt 0.2049 0.9638 0.0000
vt 0.2052 0.9354 0.0000
vt 0.2295 0.9638 0.0000
vt 0.2297 0.9354 0.0000
vt 0.2540 0.9639 0.0000
vt 0.2543 0.9355 0.0000
vt 0.4046 0.8824 0.0000
vt 0.4572 0.8662 0.0000
vt 0.4576 0.7880 0.0000
vt 0.4050 0.7712 0.0000
vt 0.4609 0.8731 0.0000
vt 0.4071 0.8905 0.0000
vt 0.4077 0.7631 0.0000
vt 0.4614 0.7810 0.0000
vt 0.5430 0.7705 0.0000
vt 0.4893 0.7871 0.0000
vt 0.4889 0.8670 0.0000
vt 0.5426 0.8842 0.0000
vt 0.4705 0.8033 0.0000
vt 0.4770 0.7969 0.0000
vt 0.4758 0.8027 0.0000
vt 0.4756 0.8513 0.0000
vt 0.4767 0.8574 0.0000
vt 0.4703 0.8510 0.0000
vt 0.7878 0.9688 0.0000
vt 0.7379 0.9688 0.0000
vt 0.7517 0.9912 0.0000
vt 0.7879 0.9912 0.0000
vt 0.0161 0.0330 0.0000
vt 0.2700 0.1805 0.0000
vt 0.2845 0.1702 0.0000
vt 0.0267 0.0165 0.0000
vt 0.0161 0.9702 0.0000
vt 0.2700 0.3552 0.0000
vt 0.0161 0.4281 0.0000
vt 0.9095 0.3348 0.0000
vt 0.8911 0.5412 0.0000
vt 0.8184 0.4851 0.0000
vt 0.8184 0.3348 0.0000
vt 0.2879 0.3552 0.0000
vt 0.0319 0.9862 0.0000
vt 0.9922 0.9688 0.0000
vt 0.9423 0.9688 0.0000
vt 0.9423 0.5737 0.0000
vt 0.9922 0.5737 0.0000
vt 0.7379 0.5737 0.0000
vt 0.7878 0.5737 0.0000
vt 0.7878 0.0315 0.0000
vt 0.7379 0.0315 0.0000
vt 0.9423 0.0315 0.0000
vt 0.9922 0.0315 0.0000
vt 0.8111 0.0314 0.0000
vt 0.8111 0.5508 0.0000
vt 0.3198 0.7552 0.0000
vt 0.3198 0.7760 0.0000
vt 0.3496 0.7760 0.0000
vt 0.3496 0.7552 0.0000
vt 0.3720 0.7970 0.0000
vt 0.3927 0.7877 0.0000
vt 0.3927 0.8480 0.0000
vt 0.3720 0.8391 0.0000
vt 0.3496 0.8601 0.0000
vt 0.3496 0.8898 0.0000
vt 0.3720 0.8181 0.0000
vt 0.2806 0.8486 0.0000
vt 0.2974 0.8391 0.0000
vt 0.2974 0.8181 0.0000
vt 0.2974 0.7970 0.0000
vt 0.2806 0.7885 0.0000
vt 0.3272 0.7892 0.0000
vt 0.3149 0.8023 0.0000
vt 0.3270 0.8022 0.0000
vt 0.3149 0.8181 0.0000
vt 0.3270 0.8181 0.0000
vt 0.3424 0.8022 0.0000
vt 0.3422 0.7892 0.0000
vt 0.3424 0.8181 0.0000
vt 0.3545 0.8023 0.0000
vt 0.3545 0.8181 0.0000
vt 0.3149 0.8339 0.0000
vt 0.3270 0.8339 0.0000
vt 0.3272 0.8469 0.0000
vt 0.3424 0.8339 0.0000
vt 0.3422 0.8469 0.0000
vt 0.3545 0.8339 0.0000
vt 0.3198 0.8898 0.0000
vt 0.3198 0.8601 0.0000
vt 0.3227 0.7820 0.0000
vt 0.3467 0.7820 0.0000
vt 0.3652 0.7994 0.0000
vt 0.3652 0.8181 0.0000
vt 0.3652 0.8367 0.0000
vt 0.3467 0.8541 0.0000
vt 0.3227 0.8541 0.0000
vt 0.3042 0.8367 0.0000
vt 0.3042 0.8181 0.0000
vt 0.3042 0.7994 0.0000
vt 0.1699 0.8323 0.0000
vt 0.1947 0.8561 0.0000
vt 0.2081 0.8561 0.0000
vt 0.2329 0.8323 0.0000
vt 0.2329 0.8020 0.0000
vt 0.2152 0.7850 0.0000
vt 0.1876 0.7850 0.0000
vt 0.1699 0.8020 0.0000
vt 0.2113 0.9097 0.0000
vt 0.2081 0.9069 0.0000
vt 0.1947 0.9069 0.0000
vt 0.1919 0.9097 0.0000
vt 0.1947 0.8912 0.0000
vt 0.1919 0.8936 0.0000
vt 0.1561 0.8469 0.0000
vt 0.1529 0.8500 0.0000
vt 0.1561 0.8020 0.0000
vt 0.1529 0.7998 0.0000
vt 0.1876 0.7805 0.0000
vt 0.1876 0.7773 0.0000
vt 0.2152 0.7805 0.0000
vt 0.2152 0.7773 0.0000
vt 0.2512 0.8020 0.0000
vt 0.2547 0.7998 0.0000
vt 0.2512 0.8458 0.0000
vt 0.2547 0.8476 0.0000
vt 0.2081 0.8912 0.0000
vt 0.2113 0.8947 0.0000
vt 0.2596 0.7960 0.0000
vt 0.2596 0.8500 0.0000
vt 0.2732 0.8555 0.0000
vt 0.2732 0.7916 0.0000
vt 0.1481 0.8538 0.0000
vt 0.1481 0.7978 0.0000
vt 0.1369 0.7897 0.0000
vt 0.1369 0.8636 0.0000
vt 0.1876 0.7710 0.0000
vt 0.1788 0.7602 0.0000
vt 0.2152 0.7710 0.0000
vt 0.2230 0.7602 0.0000
vt 0.1854 0.8917 0.0000
vt 0.1743 0.9002 0.0000
vt 0.2177 0.8940 0.0000
vt 0.2307 0.8987 0.0000
vt 0.2157 0.9009 0.0000
vt 0.2157 0.9249 0.0000
vt 0.2426 0.9249 0.0000
vt 0.2426 0.9009 0.0000
vt 0.6046 0.9189 0.0000
vt 0.5576 0.9270 0.0000
vt 0.5576 0.9800 0.0000
vt 0.6046 0.9882 0.0000
vt 0.1859 0.9249 0.0000
vt 0.1859 0.9009 0.0000
vt 0.1591 0.9009 0.0000
vt 0.1591 0.9249 0.0000
vt 0.3198 0.9092 0.0000
vt 0.3496 0.9092 0.0000
vt 0.9420 0.9912 0.0000
vt 0.9783 0.9912 0.0000
vt 0.9197 0.0315 0.0000
vt 0.9197 0.5508 0.0000
vt 0.8373 0.2415 0.0000
vt 0.8229 0.2498 0.0000
vt 0.8229 0.2664 0.0000
vt 0.8373 0.2747 0.0000
vt 0.8516 0.2664 0.0000
vt 0.8516 0.2498 0.0000
vt 0.9013 0.1973 0.0000
vt 0.8897 0.1772 0.0000
vt 0.8664 0.1772 0.0000
vt 0.8548 0.1973 0.0000
vt 0.8664 0.2174 0.0000
vt 0.8897 0.2174 0.0000
vt 0.8763 0.2192 0.0000
vt 0.8689 0.2192 0.0000
vt 0.8692 0.2934 0.0000
vt 0.8765 0.2934 0.0000
vt 0.8692 0.3250 0.0000
vt 0.8765 0.3250 0.0000
vt 0.8616 0.2192 0.0000
vt 0.8619 0.2934 0.0000
vt 0.8618 0.3250 0.0000
vt 0.8543 0.2192 0.0000
vt 0.8545 0.2935 0.0000
vt 0.8983 0.2191 0.0000
vt 0.8910 0.2191 0.0000
vt 0.8912 0.2934 0.0000
vt 0.8986 0.2934 0.0000
vt 0.8836 0.2192 0.0000
vt 0.8839 0.2934 0.0000
vt 0.8839 0.3250 0.0000
vt 0.8912 0.3250 0.0000
vt 0.8368 0.2158 0.0000
vt 0.8218 0.2246 0.0000
vt 0.8220 0.2461 0.0000
vt 0.8370 0.2373 0.0000
vt 0.8528 0.2934 0.0000
vt 0.8528 0.3250 0.0000
vt 0.8229 0.2870 0.0000
vt 0.8373 0.2953 0.0000
vt 0.8519 0.2244 0.0000
vt 0.8521 0.2459 0.0000
vt 0.8516 0.2870 0.0000
vt 0.9003 0.3250 0.0000
vt 0.9003 0.2934 0.0000
vt 0.8455 0.2935 0.0000
vt 0.8455 0.3251 0.0000
vt 0.9076 0.2933 0.0000
vt 0.9076 0.3250 0.0000
vt 0.3401 0.6870 0.0000
vt 0.3401 0.6221 0.0000
vt 0.3725 0.6783 0.0000
vt 0.3962 0.6546 0.0000
vt 0.4049 0.6221 0.0000
vt 0.3962 0.5897 0.0000
vt 0.3725 0.5660 0.0000
vt 0.3401 0.5573 0.0000
vt 0.4000 0.7259 0.0000
vt 0.3401 0.7420 0.0000
vt 0.4439 0.6821 0.0000
vt 0.4599 0.6221 0.0000
vt 0.4439 0.5622 0.0000
vt 0.4000 0.5183 0.0000
vt 0.3401 0.5023 0.0000
vt 0.2895 0.0589 0.0000
vt 0.2929 0.0129 0.0000
vt 0.3392 0.0106 0.0000
vt 0.3488 0.0589 0.0000
vt 0.4651 0.3434 0.0000
vt 0.5152 0.3475 0.0000
vt 0.5184 0.3927 0.0000
vt 0.4658 0.3978 0.0000
vt 0.7007 0.1512 0.0000
vt 0.6549 0.1281 0.0000
vt 0.6634 0.0820 0.0000
vt 0.7121 0.0838 0.0000
vt 0.6588 0.0355 0.0000
vt 0.7064 0.0158 0.0000
vt 0.3188 0.1725 0.0000
vt 0.3240 0.1209 0.0000
vt 0.3702 0.1236 0.0000
vt 0.3743 0.1728 0.0000
vt 0.4562 0.4103 0.0000
vt 0.5051 0.4169 0.0000
vt 0.5058 0.4631 0.0000
vt 0.4571 0.4707 0.0000
vt 0.4153 0.3446 0.0000
vt 0.4156 0.4012 0.0000
vt 0.3155 0.2218 0.0000
vt 0.3756 0.2221 0.0000
vt 0.4068 0.4084 0.0000
vt 0.4078 0.4738 0.0000
vt 0.3653 0.3979 0.0000
vt 0.3655 0.3435 0.0000
vt 0.3737 0.2714 0.0000
vt 0.3182 0.2711 0.0000
vt 0.3585 0.4719 0.0000
vt 0.3576 0.4115 0.0000
vt 0.5540 0.0299 0.0000
vt 0.6129 0.0243 0.0000
vt 0.6080 0.0733 0.0000
vt 0.5617 0.0754 0.0000
vt 0.3127 0.3929 0.0000
vt 0.3154 0.3476 0.0000
vt 0.3689 0.3205 0.0000
vt 0.3227 0.3227 0.0000
vt 0.3096 0.4654 0.0000
vt 0.3089 0.4192 0.0000
vt 0.6415 0.7715 0.0000
vt 0.6773 0.7811 0.0000
vt 0.6415 0.8433 0.0000
vt 0.7036 0.8074 0.0000
vt 0.7132 0.8433 0.0000
vt 0.7036 0.8791 0.0000
vt 0.6773 0.9054 0.0000
vt 0.6415 0.9150 0.0000
vt 0.7016 0.2671 0.0000
vt 0.6408 0.2671 0.0000
vt 0.6660 0.2604 0.0000
vt 0.6844 0.2420 0.0000
vt 0.7066 0.2168 0.0000
vt 0.6912 0.2168 0.0000
vt 0.7016 0.1664 0.0000
vt 0.6844 0.1916 0.0000
vt 0.6660 0.1732 0.0000
vt 0.6408 0.1664 0.0000
vt 0.4615 0.6244 0.0000
vt 0.4753 0.6244 0.0000
vt 0.4912 0.6839 0.0000
vt 0.4793 0.6908 0.0000
vt 0.4793 0.5579 0.0000
vt 0.4912 0.5648 0.0000
vt 0.5279 0.5093 0.0000
vt 0.5348 0.5212 0.0000
vt 0.5944 0.4915 0.0000
vt 0.5944 0.5053 0.0000
vt 0.5944 0.7572 0.0000
vt 0.5279 0.7394 0.0000
vt 0.5348 0.7275 0.0000
vt 0.5944 0.7435 0.0000
vt 0.5497 0.7017 0.0000
vt 0.5944 0.7137 0.0000
vt 0.5170 0.6690 0.0000
vt 0.5051 0.6244 0.0000
vt 0.5170 0.5797 0.0000
vt 0.5497 0.5470 0.0000
vt 0.5944 0.5351 0.0000
vt 0.5550 0.2650 0.0000
vt 0.5792 0.2661 0.0000
vt 0.5620 0.3245 0.0000
vt 0.5375 0.3307 0.0000
vt 0.5155 0.1990 0.0000
vt 0.5214 0.2489 0.0000
vt 0.4969 0.2436 0.0000
vt 0.4908 0.1991 0.0000
vt 0.4972 0.1546 0.0000
vt 0.5217 0.1490 0.0000
vt 0.4624 0.0783 0.0000
vt 0.4438 0.0125 0.0000
vt 0.4684 0.0189 0.0000
vt 0.4866 0.0773 0.0000
vt 0.4746 0.1369 0.0000
vt 0.4507 0.1453 0.0000
vt 0.3585 0.0620 0.0000
vt 0.3518 0.0131 0.0000
vt 0.3768 0.0180 0.0000
vt 0.3837 0.0616 0.0000
vt 0.3777 0.1055 0.0000
vt 0.3528 0.1112 0.0000
vt 0.5422 0.1978 0.0000
vt 0.5662 0.2063 0.0000
vt 0.4789 0.1968 0.0000
vt 0.4672 0.2023 0.0000
vt 0.4351 0.1983 0.0000
vt 0.4351 0.1926 0.0000
vt 0.4796 0.2574 0.0000
vt 0.4678 0.2574 0.0000
vt 0.3912 0.1969 0.0000
vt 0.4030 0.2024 0.0000
vt 0.3909 0.2575 0.0000
vt 0.4027 0.2575 0.0000
vt 0.4792 0.3180 0.0000
vt 0.4354 0.3223 0.0000
vt 0.4354 0.3166 0.0000
vt 0.4675 0.3125 0.0000
vt 0.3915 0.3181 0.0000
vt 0.4032 0.3126 0.0000
vt 0.3873 0.0904 0.0000
vt 0.4035 0.0103 0.0000
vt 0.4166 0.0106 0.0000
vt 0.4189 0.0834 0.0000
vt 0.2674 0.0854 0.0000
vt 0.2142 0.0714 0.0000
vt 0.2146 0.0056 0.0000
vt 0.2490 0.0058 0.0000
vt 0.4509 0.0884 0.0000
vt 0.4295 0.0094 0.0000
vt 0.6480 0.1301 0.0000
vt 0.6063 0.2002 0.0000
vt 0.5734 0.1900 0.0000
vt 0.5929 0.1273 0.0000
vt 0.3888 0.0904 0.0000
vt 0.4208 0.0959 0.0000
vt 0.4218 0.1686 0.0000
vt 0.4087 0.1696 0.0000
vt 0.1608 0.0848 0.0000
vt 0.1801 0.0054 0.0000
vt 0.4525 0.0893 0.0000
vt 0.4348 0.1692 0.0000
vt 0.5461 0.0984 0.0000
vt 0.5404 0.1797 0.0000
vt 0.5142 0.4511 0.0000
vt 0.5171 0.4386 0.0000
vt 0.5523 0.4386 0.0000
vt 0.5523 0.4505 0.0000
vt 0.5523 0.4636 0.0000
vt 0.5171 0.4636 0.0000
vt 0.5903 0.4511 0.0000
vt 0.5874 0.4386 0.0000
vt 0.5874 0.4636 0.0000
vt 0.3076 0.6783 0.0000
vt 0.2839 0.6546 0.0000
vt 0.2752 0.6221 0.0000
vt 0.2839 0.5897 0.0000
vt 0.3076 0.5660 0.0000
vt 0.2801 0.7259 0.0000
vt 0.2363 0.6821 0.0000
vt 0.2202 0.6221 0.0000
vt 0.2363 0.5622 0.0000
vt 0.2801 0.5183 0.0000
vt 0.6056 0.7811 0.0000
vt 0.5793 0.8074 0.0000
vt 0.5697 0.8433 0.0000
vt 0.5793 0.8791 0.0000
vt 0.6056 0.9054 0.0000
vt 0.7272 0.6244 0.0000
vt 0.7094 0.6908 0.0000
vt 0.6975 0.6839 0.0000
vt 0.7135 0.6244 0.0000
vt 0.6975 0.5648 0.0000
vt 0.7094 0.5579 0.0000
vt 0.6608 0.5093 0.0000
vt 0.6539 0.5212 0.0000
vt 0.6539 0.7275 0.0000
vt 0.6608 0.7394 0.0000
vt 0.6390 0.7017 0.0000
vt 0.6717 0.6690 0.0000
vt 0.6837 0.6244 0.0000
vt 0.6717 0.5797 0.0000
vt 0.6390 0.5470 0.0000
vt 0.5944 0.7043 0.0000
vt 0.6343 0.6936 0.0000
vt 0.5544 0.6936 0.0000
vt 0.5252 0.6643 0.0000
vt 0.5145 0.6244 0.0000
vt 0.5252 0.5844 0.0000
vt 0.5544 0.5552 0.0000
vt 0.5944 0.5445 0.0000
vt 0.6343 0.5552 0.0000
vt 0.6636 0.5844 0.0000
vt 0.6743 0.6244 0.0000
vt 0.6636 0.6643 0.0000
vt 0.6458 0.6541 0.0000
vt 0.6538 0.6244 0.0000
vt 0.6241 0.6758 0.0000
vt 0.5944 0.6838 0.0000
vt 0.5647 0.6758 0.0000
vt 0.5429 0.6541 0.0000
vt 0.5350 0.6244 0.0000
vt 0.5429 0.5947 0.0000
vt 0.5647 0.5729 0.0000
vt 0.5944 0.5650 0.0000
vt 0.6241 0.5729 0.0000
vt 0.6458 0.5947 0.0000
vt 0.5429 0.0730 0.0000
vt 0.5348 0.1408 0.0000
vt 0.4879 0.1195 0.0000
vt 0.4942 0.0731 0.0000
vt 0.5338 0.0053 0.0000
vt 0.4873 0.0268 0.0000
# 570 texture coords

o WingRight
g WingRight
usemtl 07___Default
s off
f 1/1/1 2/2/2 3/3/3 
f 1/1/1 3/3/3 4/4/4 
f 1/1/1 4/4/4 5/5/5 
f 1/1/1 5/5/5 6/6/6 
f 1/1/1 6/6/6 7/7/7 
f 1/1/1 7/7/7 8/8/8 
f 1/1/1 8/8/8 9/9/9 
f 1/1/1 9/9/9 10/10/10 
f 1/1/1 10/10/10 11/11/11 
f 1/1/1 11/11/11 12/12/12 
f 4/13/4 13/14/13 14/15/14 
f 14/15/14 5/16/5 4/13/4 
f 5/16/5 14/15/14 15/17/15 
f 15/17/15 6/18/6 5/16/5 
f 6/18/6 15/17/15 16/19/16 
f 16/19/16 7/20/7 6/18/6 
f 7/20/7 16/19/16 17/21/17 
f 17/21/17 8/22/8 7/20/7 
f 8/22/8 17/21/17 18/23/18 
f 18/23/18 9/24/9 8/22/8 
f 9/24/9 18/23/18 19/25/19 
f 19/25/19 10/26/10 9/24/9 
f 10/26/10 19/25/19 20/27/20 
f 20/27/20 11/28/11 10/26/10 
f 12/29/12 11/28/11 20/27/20 
f 20/27/20 21/30/21 12/29/12 
f 12/29/12 21/30/21 22/31/22 
f 22/31/22 1/32/1 12/29/12 
f 1/32/1 22/31/22 23/33/23 
f 23/33/23 2/34/2 1/32/1 
f 2/34/2 23/33/23 24/35/24 
f 24/35/24 3/36/3 2/34/2 
f 3/36/3 24/35/24 13/37/13 
f 13/37/13 4/38/4 3/36/3 
f 25/39/25 26/40/26 20/41/20 
f 20/41/20 19/42/19 25/39/25 
f 26/40/26 27/43/27 21/44/21 
f 21/44/21 20/41/20 26/40/26 
f 28/45/28 22/46/22 21/44/21 
f 21/44/21 27/43/27 28/45/28 
f 28/45/28 29/47/29 23/48/23 
f 23/48/23 22/46/22 28/45/28 
f 29/47/29 30/49/30 24/50/24 
f 24/50/24 23/48/23 29/47/29 
f 31/51/31 13/52/13 24/50/24 
f 24/50/24 30/49/30 31/51/31 
f 31/51/31 32/53/32 14/54/14 
f 14/54/14 13/52/13 31/51/31 
f 32/53/32 33/55/33 15/56/15 
f 15/56/15 14/54/14 32/53/32 
f 34/57/34 16/58/16 15/56/15 
f 15/56/15 33/55/33 34/57/34 
f 34/57/34 35/59/35 17/60/17 
f 17/60/17 16/58/16 34/57/34 
f 35/59/35 36/61/36 18/62/18 
f 18/62/18 17/60/17 35/59/35 
f 25/39/25 19/42/19 18/62/18 
f 18/62/18 36/61/36 25/39/25 
f 37/63/37 38/64/38 26/65/26 
f 26/65/26 25/66/25 37/63/37 
f 39/67/39 27/68/27 26/65/26 
f 26/65/26 38/64/38 39/67/39 
f 39/67/39 40/69/40 28/70/28 
f 28/70/28 27/68/27 39/67/39 
f 40/71/40 41/72/41 29/73/29 
f 29/73/29 28/74/28 40/71/40 
f 41/72/41 42/75/42 30/76/30 
f 30/76/30 29/73/29 41/72/41 
f 42/75/42 43/77/43 31/78/31 
f 31/78/31 30/76/30 42/75/42 
f 43/77/43 44/79/44 32/80/32 
f 32/80/32 31/78/31 43/77/43 
f 44/79/44 45/81/45 33/82/33 
f 33/82/33 32/80/32 44/79/44 
f 45/81/45 46/83/46 34/84/34 
f 34/84/34 33/82/33 45/81/45 
f 46/83/46 47/85/47 35/86/35 
f 35/86/35 34/84/34 46/83/46 
f 47/85/47 48/87/48 36/88/36 
f 36/88/36 35/86/35 47/85/47 
f 48/87/48 37/63/37 25/66/25 
f 25/66/25 36/88/36 48/87/48 
f 49/89/49 50/90/50 38/91/38 
f 38/91/38 37/92/37 49/89/49 
f 50/90/50 51/93/51 39/94/39 
f 39/94/39 38/91/38 50/90/50 
f 52/95/52 40/96/40 39/94/39 
f 39/94/39 51/93/51 52/95/52 
f 52/95/52 53/97/53 41/98/41 
f 41/98/41 40/96/40 52/95/52 
f 53/97/53 54/99/54 42/100/42 
f 42/100/42 41/98/41 53/97/53 
f 55/101/55 43/102/43 42/100/42 
f 42/100/42 54/99/54 55/101/55 
f 55/101/55 56/103/56 44/104/44 
f 44/104/44 43/102/43 55/101/55 
f 56/103/56 57/105/57 45/106/45 
f 45/106/45 44/104/44 56/103/56 
f 58/107/58 46/108/46 45/106/45 
f 45/106/45 57/105/57 58/107/58 
f 58/107/58 59/109/59 47/110/47 
f 47/110/47 46/108/46 58/107/58 
f 59/109/59 60/111/60 48/112/48 
f 48/112/48 47/110/47 59/109/59 
f 49/89/49 37/92/37 48/112/48 
f 48/112/48 60/111/60 49/89/49 
f 61/113/61 62/114/62 50/115/50 
f 50/115/50 49/116/49 61/113/61 
f 62/114/62 63/117/63 51/118/51 
f 51/118/51 50/115/50 62/114/62 
f 52/119/52 51/118/51 63/117/63 
f 63/117/63 64/120/64 52/119/52 
f 64/121/64 65/122/65 53/123/53 
f 53/123/53 52/124/52 64/121/64 
f 65/122/65 66/125/66 54/126/54 
f 54/126/54 53/123/53 65/122/65 
f 66/125/66 67/127/67 55/128/55 
f 55/128/55 54/126/54 66/125/66 
f 67/127/67 68/129/68 56/130/56 
f 56/130/56 55/128/55 67/127/67 
f 68/129/68 69/131/69 57/132/57 
f 57/132/57 56/130/56 68/129/68 
f 69/131/69 70/133/70 58/134/58 
f 58/134/58 57/132/57 69/131/69 
f 70/133/70 71/135/71 59/136/59 
f 59/136/59 58/134/58 70/133/70 
f 71/135/71 72/137/72 60/138/60 
f 60/138/60 59/136/59 71/135/71 
f 72/137/72 61/113/61 49/116/49 
f 49/116/49 60/138/60 72/137/72 
f 73/139/73 74/140/74 75/141/75 
f 75/141/75 76/142/76 73/139/73 
f 77/143/77 74/140/74 73/139/73 
f 73/139/73 78/144/78 77/143/77 
f 79/145/79 76/142/76 75/141/75 
f 75/141/75 80/146/80 79/145/79 
f 79/147/79 80/148/80 77/149/77 
f 77/149/77 78/150/78 79/147/79 
f 81/151/81 82/152/82 80/146/80 
f 80/146/80 75/141/75 81/151/81 
f 77/149/77 80/148/80 82/153/82 
f 82/153/82 83/154/83 77/149/77 
f 83/155/83 84/156/84 74/140/74 
f 74/140/74 77/143/77 83/155/83 
f 75/141/75 74/140/74 84/156/84 
f 84/156/84 81/151/81 75/141/75 
f 85/157/85 86/158/86 87/159/70 
f 87/159/70 88/160/70 85/157/85 
f 86/161/87 89/162/88 90/163/89 
f 90/163/89 87/164/90 86/161/87 
f 91/165/91 92/166/91 93/167/91 
f 94/168/64 95/169/64 91/170/64 
f 91/170/64 96/171/64 94/168/64 
f 97/168/64 98/171/64 99/170/64 
f 99/170/64 100/169/64 97/168/64 
f 95/165/92 101/166/93 92/172/94 
f 92/172/94 91/173/95 95/165/92 
f 92/172/94 101/166/93 102/162/96 
f 102/162/96 103/163/97 92/172/94 
f 90/163/89 89/162/88 104/166/98 
f 104/166/98 105/172/99 90/163/89 
f 106/174/100 107/175/100 108/176/101 
f 108/176/101 93/177/100 106/174/100 
f 88/157/100 87/158/100 109/178/100 
f 109/178/100 110/179/102 88/157/100 
f 93/167/91 92/166/91 103/162/91 
f 103/162/91 106/161/91 93/167/91 
f 105/166/103 99/165/103 109/167/103 
f 86/158/86 85/157/85 111/179/104 
f 111/179/104 112/178/105 86/158/86 
f 112/167/106 104/166/98 89/162/88 
f 89/162/88 86/161/87 112/167/106 
f 97/180/105 100/181/105 112/178/105 
f 112/178/105 111/179/104 97/180/105 
f 100/165/107 104/166/98 112/167/106 
f 96/182/108 91/183/100 93/177/100 
f 93/177/100 108/176/101 96/182/108 
f 87/161/103 90/162/103 105/166/103 
f 105/166/103 109/167/103 87/161/103 
f 99/181/100 98/180/109 110/179/102 
f 110/179/102 109/178/100 99/181/100 
f 100/165/107 99/173/110 105/172/99 
f 105/172/99 104/166/98 100/165/107 
f 97/184/67 111/185/111 110/179/102 
f 110/179/102 98/180/109 97/184/67 
f 113/186/112 114/187/113 115/188/114 
f 115/188/114 116/189/115 113/186/112 
f 116/189/115 115/188/114 117/190/116 
f 117/190/116 118/191/117 116/189/115 
f 119/192/118 120/193/119 121/194/120 
f 121/194/120 122/195/121 119/192/118 
f 118/191/117 117/190/116 123/196/122 
f 118/191/117 123/196/122 120/193/119 
f 118/191/117 120/193/119 119/192/118 
f 124/197/123 125/198/124 126/199/125 
f 124/197/123 126/199/125 127/200/126 
f 124/197/123 127/200/126 128/201/127 
f 129/202/128 130/203/129 131/204/129 
f 131/204/129 130/203/129 132/205/129 
f 132/205/129 133/206/129 131/204/129 
f 134/207/128 135/208/128 129/202/128 
f 129/202/128 131/204/129 134/207/128 
f 134/207/128 131/204/129 133/206/129 
f 133/206/129 136/209/128 134/207/128 
f 137/210/128 135/208/128 134/207/128 
f 136/209/128 138/211/128 137/210/128 
f 137/210/128 134/207/128 136/209/128 
f 128/201/127 127/200/126 114/187/113 
f 114/187/113 113/186/112 128/201/127 
f 133/206/129 132/205/129 139/212/130 
f 139/212/130 140/213/130 133/206/129 
f 140/213/130 139/212/130 141/214/131 
f 136/209/128 133/206/129 140/213/130 
f 140/213/130 142/215/131 136/209/128 
f 142/215/131 140/213/130 141/214/131 
f 141/214/131 143/216/131 142/215/131 
f 142/215/131 144/217/131 138/211/128 
f 138/211/128 136/209/128 142/215/131 
f 144/217/131 142/215/131 143/216/131 
f 124/197/123 145/218/132 146/219/133 
f 146/219/133 125/198/124 124/197/123 
f 114/187/128 147/220/128 148/221/128 
f 148/221/128 115/188/128 114/187/128 
f 117/190/128 115/188/128 148/221/128 
f 148/221/128 149/222/128 117/190/128 
f 117/190/128 149/222/128 150/223/128 
f 150/223/128 123/196/128 117/190/128 
f 123/196/128 150/223/128 151/224/128 
f 151/224/128 120/193/128 123/196/128 
f 120/193/128 151/224/128 152/225/128 
f 152/225/128 121/194/128 120/193/128 
f 121/194/128 152/225/128 153/226/128 
f 153/226/128 146/219/128 121/194/128 
f 125/198/128 146/219/128 153/226/128 
f 153/226/128 154/227/128 125/198/128 
f 125/198/128 154/227/128 155/228/128 
f 155/228/128 126/199/128 125/198/128 
f 126/199/128 155/228/128 156/229/128 
f 156/229/128 127/200/128 126/199/128 
f 127/200/128 156/229/128 147/220/128 
f 147/220/128 114/187/128 127/200/128 
f 151/224/134 144/217/135 143/216/136 
f 143/216/136 152/225/137 151/224/134 
f 152/225/137 143/216/136 141/214/138 
f 141/214/138 153/226/139 152/225/137 
f 153/226/139 141/214/138 139/212/140 
f 139/212/140 154/227/141 153/226/139 
f 154/227/141 139/212/140 132/205/142 
f 132/205/142 155/228/142 154/227/141 
f 155/228/142 132/205/142 130/203/143 
f 130/203/143 156/229/144 155/228/142 
f 156/229/144 130/203/143 129/202/145 
f 129/202/145 147/220/146 156/229/144 
f 147/220/146 129/202/145 135/208/147 
f 135/208/147 148/221/148 147/220/146 
f 148/221/148 135/208/147 137/210/149 
f 137/210/149 149/222/150 148/221/148 
f 149/222/150 137/210/149 138/211/151 
f 138/211/151 150/223/151 149/222/150 
f 150/223/151 138/211/151 144/217/135 
f 144/217/135 151/224/134 150/223/151 
f 108/176/101 107/175/100 88/157/100 
f 88/157/100 110/179/102 108/176/101 
f 157/230/100 158/231/100 159/232/100 
f 159/232/100 160/233/100 157/230/100 
f 161/234/100 162/235/100 163/236/100 
f 163/236/100 164/237/100 161/234/100 
f 160/233/100 161/234/100 164/237/100 
f 164/237/100 157/230/100 160/233/100 
f 165/238/152 166/239/153 167/240/154 
f 167/240/154 168/241/155 165/238/152 
f 168/241/155 167/240/154 169/242/156 
f 169/242/156 170/243/157 168/241/155 
f 170/243/157 169/242/156 171/244/158 
f 171/244/158 172/245/159 170/243/157 
f 172/245/159 171/244/158 173/246/160 
f 173/246/160 174/247/161 172/245/159 
f 174/247/161 173/246/160 175/248/162 
f 175/248/162 176/249/163 174/247/161 
f 176/249/163 175/248/162 177/250/164 
f 177/250/164 178/251/165 176/249/163 
f 178/251/165 177/250/164 179/252/166 
f 179/252/166 180/253/167 178/251/165 
f 180/253/167 179/252/166 181/254/168 
f 181/254/168 182/255/169 180/253/167 
f 182/255/169 181/254/168 183/256/170 
f 183/256/170 184/257/171 182/255/169 
f 184/257/171 183/256/170 166/239/153 
f 166/239/153 165/238/152 184/257/171 
f 171/244/172 157/230/173 164/237/174 
f 164/237/174 173/246/175 171/244/172 
f 173/246/175 164/237/174 163/236/176 
f 163/236/176 175/248/177 173/246/175 
f 175/248/177 163/236/176 162/235/178 
f 162/235/178 177/250/179 175/248/177 
f 177/250/179 162/235/178 161/234/180 
f 161/234/180 179/252/181 177/250/179 
f 179/252/181 161/234/180 160/233/182 
f 160/233/182 181/254/183 179/252/181 
f 181/254/183 160/233/182 159/232/184 
f 159/232/184 183/256/185 181/254/183 
f 183/256/185 159/232/184 158/231/186 
f 158/231/186 169/242/187 183/256/185 
f 169/242/187 158/231/186 157/230/173 
f 157/230/173 171/244/172 169/242/187 
f 185/258/188 186/259/189 124/260/190 
f 124/260/190 128/261/188 185/258/188 
f 187/262/191 188/263/192 118/264/192 
f 118/264/192 119/265/193 187/262/191 
f 188/263/192 189/266/194 116/267/194 
f 116/267/194 118/264/192 188/263/192 
f 189/266/194 190/268/195 113/269/195 
f 113/269/195 116/267/194 189/266/194 
f 190/268/195 185/258/188 128/261/188 
f 128/261/188 113/269/195 190/268/195 
f 191/270/196 187/262/191 119/265/193 
f 119/265/193 122/271/197 191/270/196 
f 192/272/198 145/273/199 124/260/190 
f 124/260/190 186/259/189 192/272/198 
f 192/274/198 193/275/200 194/276/200 
f 194/276/200 145/277/199 192/274/198 
f 194/278/201 193/279/64 195/280/64 
f 195/280/64 196/281/201 194/278/201 
f 195/282/202 191/283/196 122/284/197 
f 122/284/197 196/285/202 195/282/202 
f 185/258/100 180/253/167 182/255/169 
f 182/255/169 186/259/100 185/258/100 
f 188/263/100 174/247/161 176/249/163 
f 176/249/163 189/266/100 188/263/100 
f 192/274/100 184/257/171 165/238/152 
f 165/238/152 193/275/100 192/274/100 
f 193/275/100 165/238/152 168/241/155 
f 168/241/155 195/282/100 193/275/100 
f 195/282/100 168/241/155 170/243/157 
f 170/243/157 191/283/100 195/282/100 
f 187/262/100 191/270/100 170/243/157 
f 170/243/157 172/245/159 187/262/100 
f 187/262/100 172/245/159 174/247/161 
f 174/247/161 188/263/100 187/262/100 
f 186/259/100 182/255/169 184/257/171 
f 184/257/171 192/272/100 186/259/100 
f 189/266/100 176/249/163 178/251/165 
f 178/251/165 190/268/100 189/266/100 
f 185/258/100 190/268/100 178/251/165 
f 178/251/165 180/253/167 185/258/100 
f 194/286/201 196/287/201 122/195/121 
f 122/195/121 145/218/132 194/286/201 
f 122/195/121 121/194/120 146/219/133 
f 146/219/133 145/218/132 122/195/121 
f 197/175/203 107/288/70 106/289/70 
f 106/289/70 198/174/204 197/175/203 
f 198/161/205 106/164/206 103/163/97 
f 103/163/97 102/162/96 198/161/205 
f 198/161/205 102/162/96 101/166/93 
f 101/166/93 199/167/207 198/161/205 
f 101/166/93 95/165/92 199/167/207 
f 95/183/208 94/182/208 200/176/209 
f 200/176/209 199/177/208 95/183/208 
f 197/175/203 198/174/204 199/177/208 
f 199/177/208 200/176/209 197/175/203 
f 94/290/61 96/182/108 108/176/101 
f 108/176/101 200/291/210 94/290/61 
f 85/157/85 88/160/70 107/288/70 
f 107/288/70 197/175/203 85/157/85 
f 197/175/203 200/176/209 111/179/104 
f 111/179/104 85/157/85 197/175/203 
f 108/176/101 110/179/102 111/185/111 
f 111/185/111 200/291/210 108/176/101 
f 183/256/185 169/242/187 167/240/100 
f 167/240/100 166/239/100 183/256/185 
f 201/292/70 202/293/70 203/294/70 
f 201/292/70 203/294/70 204/295/70 
f 201/292/70 204/295/70 205/296/70 
f 201/292/70 205/296/70 206/297/70 
f 207/298/64 208/299/64 209/300/64 
f 207/298/64 209/300/64 210/301/64 
f 207/298/64 210/301/64 211/302/64 
f 207/298/64 211/302/64 212/303/64 
f 207/304/211 212/305/211 213/306/211 
f 213/306/211 214/307/211 207/304/211 
f 214/307/211 213/306/211 202/308/211 
f 202/308/211 201/309/211 214/307/211 
f 212/305/100 211/310/100 215/311/100 
f 215/311/100 213/306/100 212/305/100 
f 213/306/100 215/311/100 203/312/100 
f 203/312/100 202/308/100 213/306/100 
f 211/310/212 210/313/212 216/314/212 
f 216/314/212 215/311/212 211/310/212 
f 210/315/213 209/316/213 217/317/213 
f 217/317/213 216/318/213 210/315/213 
f 209/316/128 208/319/128 218/320/128 
f 218/320/128 217/317/128 209/316/128 
f 217/317/128 218/320/128 206/321/128 
f 206/321/128 205/322/128 217/317/128 
f 208/319/214 207/304/214 214/307/214 
f 214/307/214 218/320/214 208/319/214 
f 218/320/214 214/307/214 201/309/214 
f 201/309/214 206/321/214 218/320/214 
f 219/323/64 220/324/64 215/325/64 
f 215/325/64 216/326/64 219/323/64 
f 220/327/100 221/328/100 203/312/100 
f 203/312/100 215/311/100 220/327/100 
f 221/329/70 222/330/70 204/295/70 
f 204/295/70 203/294/70 221/329/70 
f 223/331/64 219/323/64 216/326/64 
f 216/326/64 217/332/64 223/331/64 
f 222/330/70 224/333/70 205/296/70 
f 205/296/70 204/295/70 222/330/70 
f 224/334/128 223/335/128 217/317/128 
f 217/317/128 205/322/128 224/334/128 
f 220/327/212 219/336/212 222/337/212 
f 222/337/212 221/328/212 220/327/212 
f 219/338/213 223/335/213 224/334/213 
f 224/334/213 222/339/213 219/338/213 
f 225/292/70 226/297/70 227/296/70 
f 225/292/70 227/296/70 228/295/70 
f 225/292/70 228/295/70 229/294/70 
f 225/292/70 229/294/70 230/293/70 
f 231/298/64 232/303/64 233/302/64 
f 231/298/64 233/302/64 234/301/64 
f 231/298/64 234/301/64 235/300/64 
f 231/298/64 235/300/64 236/299/64 
f 231/304/212 237/307/212 238/306/212 
f 238/306/212 232/305/212 231/304/212 
f 237/307/212 225/309/212 230/308/212 
f 230/308/212 238/306/212 237/307/212 
f 232/305/100 238/306/100 239/311/100 
f 239/311/100 233/310/100 232/305/100 
f 238/306/100 230/308/100 229/312/100 
f 229/312/100 239/311/100 238/306/100 
f 233/310/211 239/311/211 240/314/211 
f 240/314/211 234/313/211 233/310/211 
f 234/315/214 240/318/214 241/317/214 
f 241/317/214 235/316/214 234/315/214 
f 235/316/128 241/317/128 242/320/128 
f 242/320/128 236/319/128 235/316/128 
f 241/317/128 227/322/128 226/321/128 
f 226/321/128 242/320/128 241/317/128 
f 236/319/213 242/320/213 237/307/213 
f 237/307/213 231/304/213 236/319/213 
f 242/320/213 226/321/213 225/309/213 
f 225/309/213 237/307/213 242/320/213 
f 243/323/64 240/326/64 239/325/64 
f 239/325/64 244/324/64 243/323/64 
f 244/327/100 239/311/100 229/312/100 
f 229/312/100 245/328/100 244/327/100 
f 245/329/70 229/294/70 228/295/70 
f 228/295/70 246/330/70 245/329/70 
f 247/331/64 241/332/64 240/326/64 
f 240/326/64 243/323/64 247/331/64 
f 246/330/70 228/295/70 227/296/70 
f 227/296/70 248/333/70 246/330/70 
f 248/334/128 227/322/128 241/317/128 
f 241/317/128 247/335/128 248/334/128 
f 244/327/211 245/328/211 246/337/211 
f 246/337/211 243/336/211 244/327/211 
f 243/338/214 246/339/214 248/334/214 
f 248/334/214 247/335/214 243/338/214 
f 249/340/215 250/341/64 251/342/216 
f 251/342/216 250/341/64 252/343/217 
f 252/343/217 250/341/64 253/344/218 
f 253/344/218 250/341/64 254/345/219 
f 254/345/219 250/341/64 255/346/220 
f 255/346/220 250/341/64 256/347/221 
f 257/348/222 258/349/223 249/340/215 
f 249/340/215 251/342/216 257/348/222 
f 259/350/224 257/348/222 251/342/216 
f 251/342/216 252/343/217 259/350/224 
f 259/350/224 252/343/217 253/344/218 
f 253/344/218 260/351/225 259/350/224 
f 261/352/226 260/351/225 253/344/218 
f 253/344/218 254/345/219 261/352/226 
f 261/352/226 254/345/219 255/346/220 
f 255/346/220 262/353/227 261/352/226 
f 262/353/227 255/346/220 256/347/221 
f 256/347/221 263/354/228 262/353/227 
f 264/355/229 258/356/223 257/357/222 
f 257/357/222 265/358/230 264/355/229 
f 265/359/230 257/360/222 259/361/224 
f 259/361/224 266/362/231 265/359/230 
f 266/363/231 259/364/224 260/365/225 
f 260/365/225 267/366/232 266/363/231 
f 267/366/232 260/365/225 261/367/226 
f 261/367/226 268/368/233 267/366/232 
f 268/369/233 261/370/226 262/371/227 
f 262/371/227 269/372/234 268/369/233 
f 269/373/234 262/374/227 263/375/228 
f 263/375/228 270/376/235 269/373/234 
f 271/377/236 265/359/230 266/362/231 
f 266/362/231 272/378/237 271/377/236 
f 273/379/238 268/369/233 269/372/234 
f 269/372/234 274/380/239 273/379/238 
f 274/381/239 269/373/234 270/376/235 
f 270/376/235 275/382/67 274/381/239 
f 271/377/236 272/378/237 276/383/240 
f 276/383/240 277/384/241 271/377/236 
f 273/379/238 274/380/239 278/385/242 
f 278/385/242 279/386/243 273/379/238 
f 274/381/239 275/382/67 280/387/244 
f 280/387/244 278/388/242 274/381/239 
f 281/389/245 277/390/241 282/391/246 
f 282/391/246 283/392/247 281/389/245 
f 277/384/241 276/383/240 284/393/248 
f 284/393/248 282/394/246 277/384/241 
f 279/386/243 278/385/242 285/395/249 
f 285/395/249 286/396/250 279/386/243 
f 278/388/242 280/387/244 287/397/251 
f 287/397/251 285/398/249 278/388/242 
f 264/399/229 288/400/252 289/401/61 
f 288/400/252 290/402/253 289/401/61 
f 290/402/253 291/403/254 289/401/61 
f 291/403/254 292/404/255 289/401/61 
f 292/404/255 293/405/256 289/401/61 
f 293/405/256 281/406/245 289/401/61 
f 277/407/241 281/408/245 293/409/256 
f 277/407/241 293/409/256 292/410/255 
f 271/411/236 291/412/254 265/413/230 
f 291/412/254 290/414/253 265/413/230 
f 288/415/252 265/413/230 290/414/253 
f 265/413/230 288/415/252 264/416/229 
f 277/407/241 291/412/254 271/411/236 
f 277/407/241 292/410/255 291/412/254 
f 294/417/257 295/418/258 296/419/259 
f 296/419/259 284/420/248 294/417/257 
f 294/417/257 286/421/250 297/422/260 
f 297/422/260 295/418/258 294/417/257 
f 285/423/249 298/424/261 297/422/260 
f 297/422/260 286/421/250 285/423/249 
f 285/423/249 287/425/251 299/426/262 
f 299/426/262 298/424/261 285/423/249 
f 283/427/247 282/428/246 300/429/263 
f 300/429/263 301/430/264 283/427/247 
f 284/420/248 296/419/259 300/429/263 
f 300/429/263 282/428/246 284/420/248 
f 301/430/264 300/429/263 302/431/265 
f 302/431/265 303/432/266 301/430/264 
f 300/429/263 296/419/259 304/433/267 
f 304/433/267 302/431/265 300/429/263 
f 296/419/259 295/418/258 305/434/268 
f 305/434/268 304/433/267 296/419/259 
f 295/418/258 297/422/260 306/435/269 
f 306/435/269 305/434/268 295/418/258 
f 297/422/260 298/424/261 307/436/270 
f 307/436/270 306/435/269 297/422/260 
f 298/424/261 299/426/262 308/437/271 
f 308/437/271 307/436/270 298/424/261 
f 267/438/232 309/439/272 310/440/273 
f 310/440/273 266/441/231 267/438/232 
f 272/442/237 266/443/231 310/444/273 
f 310/444/273 311/445/274 272/442/237 
f 272/442/237 311/445/274 312/446/275 
f 312/446/275 276/447/240 272/442/237 
f 313/448/276 276/449/240 312/450/275 
f 312/450/275 314/451/277 313/448/276 
f 313/448/276 314/451/277 315/452/278 
f 315/452/278 279/453/243 313/448/276 
f 273/454/238 279/455/243 315/456/278 
f 315/456/278 316/457/279 273/454/238 
f 273/454/238 316/457/279 317/458/280 
f 317/458/280 268/459/233 273/454/238 
f 267/438/232 268/460/233 317/461/280 
f 317/461/280 309/439/272 267/438/232 
f 315/462/278 318/463/281 319/464/282 
f 319/464/282 316/465/279 315/462/278 
f 315/462/278 314/466/277 320/467/283 
f 320/467/283 318/463/281 315/462/278 
f 317/468/280 316/465/279 319/464/282 
f 319/464/282 321/469/284 317/468/280 
f 309/470/272 317/468/280 321/469/284 
f 321/469/284 322/471/285 309/470/272 
f 312/472/275 311/473/274 323/474/286 
f 323/474/286 324/475/287 312/472/275 
f 314/466/277 312/472/275 324/475/287 
f 324/475/287 320/467/283 314/466/277 
f 310/476/273 325/477/288 323/474/286 
f 323/474/286 311/473/274 310/476/273 
f 310/476/273 309/470/272 322/471/285 
f 322/471/285 325/477/288 310/476/273 
f 318/478/281 326/479/289 327/480/290 
f 327/480/290 319/481/282 318/478/281 
f 318/482/281 320/483/283 328/484/291 
f 328/484/291 326/485/289 318/482/281 
f 321/486/284 319/481/282 327/480/290 
f 327/480/290 329/487/292 321/486/284 
f 321/488/284 329/489/292 330/490/293 
f 330/490/293 322/491/285 321/488/284 
f 324/492/287 323/493/286 331/494/294 
f 331/494/294 332/495/295 324/492/287 
f 324/496/287 332/497/295 328/484/291 
f 328/484/291 320/483/283 324/496/287 
f 325/498/288 333/499/296 331/494/294 
f 331/494/294 323/493/286 325/498/288 
f 325/500/288 322/491/285 330/490/293 
f 330/490/293 333/501/296 325/500/288 
f 327/502/290 326/503/289 328/504/291 
f 328/504/291 334/505/100 327/502/290 
f 334/505/100 330/506/293 329/507/292 
f 329/507/292 327/502/290 334/505/100 
f 331/508/294 334/505/100 328/504/291 
f 328/504/291 332/509/295 331/508/294 
f 334/505/100 331/508/294 333/510/296 
f 333/510/296 330/506/293 334/505/100 
f 249/340/215 335/511/297 250/341/64 
f 335/511/297 336/512/298 250/341/64 
f 336/512/298 337/513/299 250/341/64 
f 337/513/299 338/514/300 250/341/64 
f 338/514/300 339/515/301 250/341/64 
f 339/515/301 256/347/221 250/341/64 
f 340/516/302 335/511/297 249/340/215 
f 249/340/215 258/349/223 340/516/302 
f 341/517/303 336/512/298 335/511/297 
f 335/511/297 340/516/302 341/517/303 
f 341/517/303 342/518/304 337/513/299 
f 337/513/299 336/512/298 341/517/303 
f 343/519/305 338/514/300 337/513/299 
f 337/513/299 342/518/304 343/519/305 
f 343/519/305 344/520/306 339/515/301 
f 339/515/301 338/514/300 343/519/305 
f 344/520/306 263/354/228 256/347/221 
f 256/347/221 339/515/301 344/520/306 
f 264/399/229 289/401/61 345/521/307 
f 345/521/307 289/401/61 346/522/308 
f 346/522/308 289/401/61 347/523/309 
f 347/523/309 289/401/61 348/524/310 
f 348/524/310 289/401/61 349/525/311 
f 349/525/311 289/401/61 281/406/245 
f 350/526/312 351/527/313 352/528/314 
f 352/528/314 353/529/315 350/526/312 
f 350/526/312 353/529/315 354/530/316 
f 354/530/316 355/531/317 350/526/312 
f 356/532/318 355/531/317 354/530/316 
f 354/530/316 357/533/319 356/532/318 
f 356/532/318 357/533/319 299/426/262 
f 299/426/262 287/425/251 356/532/318 
f 283/427/247 301/430/264 358/534/320 
f 358/534/320 359/535/321 283/427/247 
f 351/527/313 359/535/321 358/534/320 
f 358/534/320 352/528/314 351/527/313 
f 301/430/264 303/432/266 360/536/322 
f 360/536/322 358/534/320 301/430/264 
f 358/534/320 360/536/322 361/537/323 
f 361/537/323 352/528/314 358/534/320 
f 352/528/314 361/537/323 362/538/324 
f 362/538/324 353/529/315 352/528/314 
f 353/529/315 362/538/324 363/539/325 
f 363/539/325 354/530/316 353/529/315 
f 354/530/316 363/539/325 364/540/326 
f 364/540/326 357/533/319 354/530/316 
f 357/533/319 364/540/326 308/437/271 
f 308/437/271 299/426/262 357/533/319 
f 303/432/266 365/541/327 366/542/328 
f 366/542/328 360/536/322 303/432/266 
f 303/432/266 302/431/265 367/543/329 
f 367/543/329 365/541/327 303/432/266 
f 304/433/267 368/544/330 367/543/329 
f 367/543/329 302/431/265 304/433/267 
f 305/434/268 369/545/331 368/544/330 
f 368/544/330 304/433/267 305/434/268 
f 305/434/268 306/435/269 370/546/332 
f 370/546/332 369/545/331 305/434/268 
f 306/435/269 307/436/270 371/547/333 
f 371/547/333 370/546/332 306/435/269 
f 308/437/271 372/548/334 371/547/333 
f 371/547/333 307/436/270 308/437/271 
f 308/437/271 364/540/326 373/549/335 
f 373/549/335 372/548/334 308/437/271 
f 363/539/325 374/550/336 373/549/335 
f 373/549/335 364/540/326 363/539/325 
f 362/538/324 375/551/337 374/550/336 
f 374/550/336 363/539/325 362/538/324 
f 362/538/324 361/537/323 376/552/338 
f 376/552/338 375/551/337 362/538/324 
f 361/537/323 360/536/322 366/542/328 
f 366/542/328 376/552/338 361/537/323 
f 376/552/338 377/553/339 378/554/340 
f 378/554/340 375/551/337 376/552/338 
f 366/542/328 379/555/341 377/553/339 
f 377/553/339 376/552/338 366/542/328 
f 365/541/327 380/556/342 379/555/341 
f 379/555/341 366/542/328 365/541/327 
f 365/541/327 367/543/329 381/557/343 
f 381/557/343 380/556/342 365/541/327 
f 367/543/329 368/544/330 382/558/344 
f 382/558/344 381/557/343 367/543/329 
f 368/544/330 369/545/331 383/559/345 
f 383/559/345 382/558/344 368/544/330 
f 370/546/332 384/560/346 383/559/345 
f 383/559/345 369/545/331 370/546/332 
f 370/546/332 371/547/333 385/561/347 
f 385/561/347 384/560/346 370/546/332 
f 372/548/334 386/562/348 385/561/347 
f 385/561/347 371/547/333 372/548/334 
f 372/548/334 373/549/335 387/563/349 
f 387/563/349 386/562/348 372/548/334 
f 374/550/336 388/564/350 387/563/349 
f 387/563/349 373/549/335 374/550/336 
f 374/550/336 375/551/337 378/554/340 
f 378/554/340 388/564/350 374/550/336 
f 379/555/341 380/556/342 381/557/343 
f 379/555/341 381/557/343 382/558/344 
f 379/555/341 382/558/344 383/559/345 
f 379/555/341 383/559/345 384/560/346 
f 379/555/341 384/560/346 385/561/347 
f 379/555/341 385/561/347 386/562/348 
f 379/555/341 386/562/348 387/563/349 
f 379/555/341 387/563/349 388/564/350 
f 379/555/341 388/564/350 378/554/340 
f 379/555/341 378/554/340 377/553/339 
f 313/565/276 279/566/243 286/567/250 
f 286/567/250 294/568/257 313/565/276 
f 276/569/240 313/565/276 294/568/257 
f 294/568/257 284/570/248 276/569/240 
f 264/355/229 389/358/351 340/357/302 
f 340/357/302 258/356/223 264/355/229 
f 389/359/351 390/362/352 341/361/303 
f 341/361/303 340/360/302 389/359/351 
f 390/363/352 391/366/353 342/365/304 
f 342/365/304 341/364/303 390/363/352 
f 391/366/353 392/368/354 343/367/305 
f 343/367/305 342/365/304 391/366/353 
f 392/369/354 393/372/355 344/371/306 
f 344/371/306 343/370/305 392/369/354 
f 393/373/355 270/376/235 263/375/228 
f 263/375/228 344/374/306 393/373/355 
f 394/377/356 395/378/357 390/362/352 
f 390/362/352 389/359/351 394/377/356 
f 396/379/358 397/380/359 393/372/355 
f 393/372/355 392/369/354 396/379/358 
f 397/381/359 275/382/67 270/376/235 
f 270/376/235 393/373/355 397/381/359 
f 394/377/356 398/384/360 399/383/361 
f 399/383/361 395/378/357 394/377/356 
f 396/379/358 400/386/362 401/385/363 
f 401/385/363 397/380/359 396/379/358 
f 397/381/359 401/388/363 280/387/244 
f 280/387/244 275/382/67 397/381/359 
f 281/389/245 283/392/247 359/391/321 
f 359/391/321 398/390/360 281/389/245 
f 398/384/360 359/394/321 351/393/313 
f 351/393/313 399/383/361 398/384/360 
f 400/386/362 355/396/317 356/395/318 
f 356/395/318 401/385/363 400/386/362 
f 401/388/363 356/398/318 287/397/251 
f 287/397/251 280/387/244 401/388/363 
f 398/407/360 349/409/311 281/408/245 
f 398/407/360 348/410/310 349/409/311 
f 394/411/356 389/413/351 347/412/309 
f 347/412/309 389/413/351 346/414/308 
f 345/415/307 346/414/308 389/413/351 
f 389/413/351 264/416/229 345/415/307 
f 398/407/360 394/411/356 347/412/309 
f 398/407/360 347/412/309 348/410/310 
f 391/438/353 390/441/352 402/440/364 
f 402/440/364 403/439/365 391/438/353 
f 395/442/357 404/445/366 402/444/364 
f 402/444/364 390/443/352 395/442/357 
f 395/442/357 399/447/361 405/446/367 
f 405/446/367 404/445/366 395/442/357 
f 406/448/368 407/451/369 405/450/367 
f 405/450/367 399/449/361 406/448/368 
f 406/448/368 400/453/362 408/452/370 
f 408/452/370 407/451/369 406/448/368 
f 396/454/358 409/457/371 408/456/370 
f 408/456/370 400/455/362 396/454/358 
f 396/454/358 392/459/354 410/458/372 
f 410/458/372 409/457/371 396/454/358 
f 391/438/353 403/439/365 410/461/372 
f 410/461/372 392/460/354 391/438/353 
f 408/462/370 409/465/371 411/464/373 
f 411/464/373 412/463/374 408/462/370 
f 408/462/370 412/463/374 413/467/375 
f 413/467/375 407/466/369 408/462/370 
f 410/468/372 414/469/376 411/464/373 
f 411/464/373 409/465/371 410/468/372 
f 403/470/365 415/471/377 414/469/376 
f 414/469/376 410/468/372 403/470/365 
f 405/472/367 416/475/378 417/474/379 
f 417/474/379 404/473/366 405/472/367 
f 407/466/369 413/467/375 416/475/378 
f 416/475/378 405/472/367 407/466/369 
f 402/476/364 404/473/366 417/474/379 
f 417/474/379 418/477/380 402/476/364 
f 402/476/364 418/477/380 415/471/377 
f 415/471/377 403/470/365 402/476/364 
f 412/478/374 411/481/373 419/480/381 
f 419/480/381 420/479/382 412/478/374 
f 412/482/374 420/485/382 421/484/383 
f 421/484/383 413/483/375 412/482/374 
f 414/486/376 422/487/384 419/480/381 
f 419/480/381 411/481/373 414/486/376 
f 414/488/376 415/491/377 423/490/385 
f 423/490/385 422/489/384 414/488/376 
f 416/492/378 424/495/386 425/494/387 
f 425/494/387 417/493/379 416/492/378 
f 416/496/378 413/483/375 421/484/383 
f 421/484/383 424/497/386 416/496/378 
f 418/498/380 417/493/379 425/494/387 
f 425/494/387 426/499/388 418/498/380 
f 418/500/380 426/501/388 423/490/385 
f 423/490/385 415/491/377 418/500/380 
f 419/502/381 427/505/128 421/504/383 
f 421/504/383 420/503/382 419/502/381 
f 427/505/128 419/502/381 422/507/384 
f 422/507/384 423/506/385 427/505/128 
f 425/508/387 424/509/386 421/504/383 
f 421/504/383 427/505/128 425/508/387 
f 427/505/128 423/506/385 426/510/388 
f 426/510/388 425/508/387 427/505/128 
f 406/565/368 350/568/312 355/567/317 
f 355/567/317 400/566/362 406/565/368 
f 399/569/361 351/570/313 350/568/312 
f 350/568/312 406/565/368 399/569/361 
f 428/1/389 429/12/390 430/11/391 
f 428/1/389 430/11/391 431/10/392 
f 428/1/389 431/10/392 432/9/393 
f 428/1/389 432/9/393 433/8/394 
f 428/1/389 433/8/394 434/7/395 
f 428/1/389 434/7/395 435/6/396 
f 428/1/389 435/6/396 436/5/397 
f 428/1/389 436/5/397 437/4/398 
f 428/1/389 437/4/398 438/3/399 
f 428/1/389 438/3/399 439/2/400 
f 437/13/398 436/16/397 440/15/401 
f 440/15/401 441/14/402 437/13/398 
f 436/16/397 435/18/396 442/17/403 
f 442/17/403 440/15/401 436/16/397 
f 435/18/396 434/20/395 443/19/404 
f 443/19/404 442/17/403 435/18/396 
f 434/20/395 433/22/394 444/21/405 
f 444/21/405 443/19/404 434/20/395 
f 433/22/394 432/24/393 445/23/406 
f 445/23/406 444/21/405 433/22/394 
f 432/24/393 431/26/392 446/25/407 
f 446/25/407 445/23/406 432/24/393 
f 431/26/392 430/28/391 447/27/408 
f 447/27/408 446/25/407 431/26/392 
f 429/29/390 448/30/409 447/27/408 
f 447/27/408 430/28/391 429/29/390 
f 429/29/390 428/32/389 449/31/410 
f 449/31/410 448/30/409 429/29/390 
f 428/32/389 439/34/400 450/33/411 
f 450/33/411 449/31/410 428/32/389 
f 439/34/400 438/36/399 451/35/412 
f 451/35/412 450/33/411 439/34/400 
f 438/36/399 437/38/398 441/37/402 
f 441/37/402 451/35/412 438/36/399 
f 452/39/413 446/42/407 447/41/408 
f 447/41/408 453/40/414 452/39/413 
f 453/40/414 447/41/408 448/44/409 
f 448/44/409 454/43/415 453/40/414 
f 455/45/416 454/43/415 448/44/409 
f 448/44/409 449/46/410 455/45/416 
f 455/45/416 449/46/410 450/48/411 
f 450/48/411 456/47/417 455/45/416 
f 456/47/417 450/48/411 451/50/412 
f 451/50/412 457/49/418 456/47/417 
f 458/51/419 457/49/418 451/50/412 
f 451/50/412 441/52/402 458/51/419 
f 458/51/419 441/52/402 440/54/401 
f 440/54/401 459/53/420 458/51/419 
f 459/53/420 440/54/401 442/56/403 
f 442/56/403 460/55/421 459/53/420 
f 461/57/422 460/55/421 442/56/403 
f 442/56/403 443/58/404 461/57/422 
f 461/57/422 443/58/404 444/60/405 
f 444/60/405 462/59/423 461/57/422 
f 462/59/423 444/60/405 445/62/406 
f 445/62/406 463/61/424 462/59/423 
f 452/39/413 463/61/424 445/62/406 
f 445/62/406 446/42/407 452/39/413 
f 464/63/425 452/66/413 453/65/414 
f 453/65/414 465/64/426 464/63/425 
f 466/67/427 465/64/426 453/65/414 
f 453/65/414 454/68/415 466/67/427 
f 466/67/427 454/68/415 455/70/416 
f 455/70/416 467/69/428 466/67/427 
f 467/71/428 455/74/416 456/73/417 
f 456/73/417 468/72/429 467/71/428 
f 468/72/429 456/73/417 457/76/418 
f 457/76/418 469/75/430 468/72/429 
f 469/75/430 457/76/418 458/78/419 
f 458/78/419 470/77/431 469/75/430 
f 470/77/431 458/78/419 459/80/420 
f 459/80/420 471/79/432 470/77/431 
f 471/79/432 459/80/420 460/82/421 
f 460/82/421 472/81/433 471/79/432 
f 472/81/433 460/82/421 461/84/422 
f 461/84/422 473/83/434 472/81/433 
f 473/83/434 461/84/422 462/86/423 
f 462/86/423 474/85/435 473/83/434 
f 474/85/435 462/86/423 463/88/424 
f 463/88/424 475/87/436 474/85/435 
f 475/87/436 463/88/424 452/66/413 
f 452/66/413 464/63/425 475/87/436 
f 476/89/437 464/92/425 465/91/426 
f 465/91/426 477/90/438 476/89/437 
f 477/90/438 465/91/426 466/94/427 
f 466/94/427 478/93/439 477/90/438 
f 479/95/440 478/93/439 466/94/427 
f 466/94/427 467/96/428 479/95/440 
f 479/95/440 467/96/428 468/98/429 
f 468/98/429 480/97/441 479/95/440 
f 480/97/441 468/98/429 469/100/430 
f 469/100/430 481/99/442 480/97/441 
f 482/101/443 481/99/442 469/100/430 
f 469/100/430 470/102/431 482/101/443 
f 482/101/443 470/102/431 471/104/432 
f 471/104/432 483/103/444 482/101/443 
f 483/103/444 471/104/432 472/106/433 
f 472/106/433 484/105/445 483/103/444 
f 485/107/446 484/105/445 472/106/433 
f 472/106/433 473/108/434 485/107/446 
f 485/107/446 473/108/434 474/110/435 
f 474/110/435 486/109/447 485/107/446 
f 486/109/447 474/110/435 475/112/436 
f 475/112/436 487/111/448 486/109/447 
f 476/89/437 487/111/448 475/112/436 
f 475/112/436 464/92/425 476/89/437 
f 488/113/61 476/116/437 477/115/438 
f 477/115/438 489/114/62 488/113/61 
f 489/114/62 477/115/438 478/118/439 
f 478/118/439 490/117/63 489/114/62 
f 479/119/440 491/120/64 490/117/63 
f 490/117/63 478/118/439 479/119/440 
f 491/121/64 479/124/440 480/123/441 
f 480/123/441 492/122/65 491/121/64 
f 492/122/65 480/123/441 481/126/442 
f 481/126/442 493/125/66 492/122/65 
f 493/125/66 481/126/442 482/128/443 
f 482/128/443 494/127/67 493/125/66 
f 494/127/67 482/128/443 483/130/444 
f 483/130/444 495/129/68 494/127/67 
f 495/129/68 483/130/444 484/132/445 
f 484/132/445 496/131/69 495/129/68 
f 496/131/69 484/132/445 485/134/446 
f 485/134/446 497/133/70 496/131/69 
f 497/133/70 485/134/446 486/136/447 
f 486/136/447 498/135/71 497/133/70 
f 498/135/71 486/136/447 487/138/448 
f 487/138/448 499/137/72 498/135/71 
f 499/137/72 487/138/448 476/116/437 
f 476/116/437 488/113/61 499/137/72 
f 500/139/449 501/142/450 502/141/451 
f 502/141/451 503/140/452 500/139/449 
f 504/143/453 505/144/454 500/139/449 
f 500/139/449 503/140/452 504/143/453 
f 506/145/455 507/146/456 502/141/451 
f 502/141/451 501/142/450 506/145/455 
f 506/147/455 505/150/454 504/149/453 
f 504/149/453 507/148/456 506/147/455 
f 508/151/457 502/141/451 507/146/456 
f 507/146/456 509/152/458 508/151/457 
f 504/149/453 510/154/459 509/153/458 
f 509/153/458 507/148/456 504/149/453 
f 510/155/459 504/143/453 503/140/452 
f 503/140/452 511/156/460 510/155/459 
f 502/141/451 508/151/457 511/156/460 
f 511/156/460 503/140/452 502/141/451 
f 512/157/461 513/160/70 514/159/70 
f 514/159/70 515/158/462 512/157/461 
f 515/161/463 514/164/464 516/163/465 
f 516/163/465 517/162/466 515/161/463 
f 518/165/467 519/167/467 520/166/467 
f 521/168/64 522/171/64 518/170/64 
f 518/170/64 523/169/64 521/168/64 
f 524/168/64 525/169/64 526/170/64 
f 526/170/64 527/171/64 524/168/64 
f 523/165/468 518/173/469 520/172/470 
f 520/172/470 528/166/471 523/165/468 
f 520/172/470 529/163/472 530/162/473 
f 530/162/473 528/166/471 520/172/470 
f 516/163/465 531/172/474 532/166/475 
f 532/166/475 517/162/466 516/163/465 
f 533/174/128 519/177/128 534/176/476 
f 534/176/476 535/175/128 533/174/128 
f 513/157/128 536/179/477 537/178/128 
f 537/178/128 514/158/128 513/157/128 
f 519/167/467 533/161/467 529/162/467 
f 529/162/467 520/166/467 519/167/467 
f 531/166/478 537/167/478 526/165/478 
f 515/158/462 538/178/479 539/179/480 
f 539/179/480 512/157/461 515/158/462 
f 538/167/481 515/161/463 517/162/466 
f 517/162/466 532/166/475 538/167/481 
f 524/180/479 539/179/480 538/178/479 
f 538/178/479 525/181/479 524/180/479 
f 525/165/482 538/167/481 532/166/475 
f 522/182/483 534/176/476 519/177/128 
f 519/177/128 518/183/128 522/182/483 
f 514/161/478 537/167/478 531/166/478 
f 531/166/478 516/162/478 514/161/478 
f 526/181/128 537/178/128 536/179/477 
f 536/179/477 527/180/484 526/181/128 
f 525/165/482 532/166/475 531/172/474 
f 531/172/474 526/173/485 525/165/482 
f 524/184/67 527/180/484 536/179/477 
f 536/179/477 539/185/111 524/184/67 
f 540/186/486 541/189/487 542/188/488 
f 542/188/488 543/187/489 540/186/486 
f 541/189/487 544/191/490 545/190/491 
f 545/190/491 542/188/488 541/189/487 
f 546/192/492 547/195/493 548/194/494 
f 548/194/494 549/193/495 546/192/492 
f 544/191/490 546/192/492 549/193/495 
f 544/191/490 549/193/495 550/196/496 
f 544/191/490 550/196/496 545/190/491 
f 551/197/497 552/201/498 553/200/499 
f 551/197/497 553/200/499 554/199/500 
f 551/197/497 554/199/500 555/198/501 
f 556/202/502 557/204/502 558/203/502 
f 557/204/502 559/206/100 560/205/100 
f 560/205/100 558/203/502 557/204/502 
f 561/207/503 557/204/502 556/202/502 
f 556/202/502 562/208/502 561/207/503 
f 561/207/503 563/209/504 559/206/100 
f 559/206/100 557/204/502 561/207/503 
f 564/210/503 561/207/503 562/208/502 
f 563/209/504 561/207/503 564/210/503 
f 564/210/503 565/211/504 563/209/504 
f 552/201/498 540/186/486 543/187/489 
f 543/187/489 553/200/499 552/201/498 
f 559/206/100 566/213/100 567/212/100 
f 567/212/100 560/205/100 559/206/100 
f 566/213/100 568/214/100 567/212/100 
f 563/209/504 569/215/504 566/213/100 
f 566/213/100 559/206/100 563/209/504 
f 569/215/504 570/216/100 568/214/100 
f 568/214/100 566/213/100 569/215/504 
f 569/215/504 563/209/504 565/211/504 
f 565/211/504 571/217/504 569/215/504 
f 571/217/504 570/216/100 569/215/504 
f 551/197/497 555/198/501 572/219/505 
f 572/219/505 573/218/506 551/197/497 
f 543/187/100 542/188/100 574/221/100 
f 574/221/100 575/220/100 543/187/100 
f 545/190/100 576/222/100 574/221/100 
f 574/221/100 542/188/100 545/190/100 
f 545/190/100 550/196/100 577/223/100 
f 577/223/100 576/222/100 545/190/100 
f 550/196/100 549/193/100 578/224/100 
f 578/224/100 577/223/100 550/196/100 
f 549/193/100 548/194/100 579/225/100 
f 579/225/100 578/224/100 549/193/100 
f 548/194/100 572/219/100 580/226/100 
f 580/226/100 579/225/100 548/194/100 
f 555/198/100 581/227/100 580/226/100 
f 580/226/100 572/219/100 555/198/100 
f 555/198/100 554/199/100 582/228/100 
f 582/228/100 581/227/100 555/198/100 
f 554/199/100 553/200/100 583/229/100 
f 583/229/100 582/228/100 554/199/100 
f 553/200/100 543/187/100 575/220/100 
f 575/220/100 583/229/100 553/200/100 
f 578/224/507 579/225/508 570/216/509 
f 570/216/509 571/217/510 578/224/507 
f 579/225/508 580/226/511 568/214/512 
f 568/214/512 570/216/509 579/225/508 
f 580/226/511 581/227/513 567/212/514 
f 567/212/514 568/214/512 580/226/511 
f 581/227/513 582/228/515 560/205/515 
f 560/205/515 567/212/514 581/227/513 
f 582/228/515 583/229/516 558/203/517 
f 558/203/517 560/205/515 582/228/515 
f 583/229/516 575/220/518 556/202/519 
f 556/202/519 558/203/517 583/229/516 
f 575/220/518 574/221/520 562/208/521 
f 562/208/521 556/202/519 575/220/518 
f 574/221/520 576/222/522 564/210/523 
f 564/210/523 562/208/521 574/221/520 
f 576/222/522 577/223/524 565/211/524 
f 565/211/524 564/210/523 576/222/522 
f 577/223/524 578/224/507 571/217/510 
f 571/217/510 565/211/524 577/223/524 
f 534/176/476 536/179/477 513/157/128 
f 513/157/128 535/175/128 534/176/476 
f 584/230/128 585/233/128 586/232/128 
f 586/232/128 587/231/128 584/230/128 
f 588/234/128 589/237/128 590/236/128 
f 590/236/128 591/235/128 588/234/128 
f 585/233/128 584/230/128 589/237/128 
f 589/237/128 588/234/128 585/233/128 
f 592/238/525 593/241/526 594/240/154 
f 594/240/154 595/239/153 592/238/525 
f 593/241/526 596/243/527 597/242/156 
f 597/242/156 594/240/154 593/241/526 
f 596/243/527 598/245/528 599/244/158 
f 599/244/158 597/242/156 596/243/527 
f 598/245/528 600/247/529 601/246/160 
f 601/246/160 599/244/158 598/245/528 
f 600/247/529 602/249/530 603/248/162 
f 603/248/162 601/246/160 600/247/529 
f 602/249/530 604/251/531 605/250/164 
f 605/250/164 603/248/162 602/249/530 
f 604/251/531 606/253/532 607/252/166 
f 607/252/166 605/250/164 604/251/531 
f 606/253/532 608/255/533 609/254/168 
f 609/254/168 607/252/166 606/253/532 
f 608/255/533 610/257/534 611/256/170 
f 611/256/170 609/254/168 608/255/533 
f 610/257/534 592/238/525 595/239/153 
f 595/239/153 611/256/170 610/257/534 
f 599/244/535 601/246/536 589/237/537 
f 589/237/537 584/230/538 599/244/535 
f 601/246/536 603/248/539 590/236/540 
f 590/236/540 589/237/537 601/246/536 
f 603/248/539 605/250/541 591/235/542 
f 591/235/542 590/236/540 603/248/539 
f 605/250/541 607/252/543 588/234/544 
f 588/234/544 591/235/542 605/250/541 
f 607/252/543 609/254/545 585/233/546 
f 585/233/546 588/234/544 607/252/543 
f 609/254/545 611/256/547 586/232/548 
f 586/232/548 585/233/546 609/254/545 
f 611/256/547 597/242/549 587/231/550 
f 587/231/550 586/232/548 611/256/547 
f 597/242/549 599/244/535 584/230/538 
f 584/230/538 587/231/550 597/242/549 
f 612/258/188 552/261/188 551/260/551 
f 551/260/551 613/259/552 612/258/188 
f 614/262/553 546/265/554 544/264/192 
f 544/264/192 615/263/192 614/262/553 
f 615/263/192 544/264/192 541/267/194 
f 541/267/194 616/266/194 615/263/192 
f 616/266/194 541/267/194 540/269/195 
f 540/269/195 617/268/195 616/266/194 
f 617/268/195 540/269/195 552/261/188 
f 552/261/188 612/258/188 617/268/195 
f 618/270/555 547/271/556 546/265/554 
f 546/265/554 614/262/553 618/270/555 
f 619/272/557 613/259/552 551/260/551 
f 551/260/551 573/273/558 619/272/557 
f 619/274/557 573/277/558 620/276/559 
f 620/276/559 621/275/559 619/274/557 
f 620/278/560 622/281/560 623/280/64 
f 623/280/64 621/279/64 620/278/560 
f 623/282/561 622/285/561 547/284/556 
f 547/284/556 618/283/555 623/282/561 
f 612/258/128 613/259/128 608/255/533 
f 608/255/533 606/253/532 612/258/128 
f 615/263/128 616/266/131 602/249/530 
f 602/249/530 600/247/529 615/263/128 
f 619/274/128 621/275/128 592/238/525 
f 592/238/525 610/257/534 619/274/128 
f 621/275/128 623/282/128 593/241/526 
f 593/241/526 592/238/525 621/275/128 
f 623/282/128 618/283/128 596/243/527 
f 596/243/527 593/241/526 623/282/128 
f 614/262/128 598/245/528 596/243/527 
f 596/243/527 618/270/128 614/262/128 
f 614/262/128 615/263/128 600/247/529 
f 600/247/529 598/245/528 614/262/128 
f 613/259/128 619/272/128 610/257/534 
f 610/257/534 608/255/533 613/259/128 
f 616/266/131 617/268/131 604/251/531 
f 604/251/531 602/249/530 616/266/131 
f 612/258/128 606/253/532 604/251/531 
f 604/251/531 617/268/131 612/258/128 
f 620/286/560 573/218/506 547/195/493 
f 547/195/493 622/287/560 620/286/560 
f 547/195/493 573/218/506 572/219/505 
f 572/219/505 548/194/494 547/195/493 
f 624/175/562 625/174/563 533/289/70 
f 533/289/70 535/288/70 624/175/562 
f 625/161/564 530/162/473 529/163/472 
f 529/163/472 533/164/565 625/161/564 
f 625/161/564 626/167/566 528/166/471 
f 528/166/471 530/162/473 625/161/564 
f 528/166/471 626/167/566 523/165/468 
f 523/183/567 626/177/567 627/176/568 
f 627/176/568 521/182/567 523/183/567 
f 624/175/562 627/176/568 626/177/567 
f 626/177/567 625/174/563 624/175/562 
f 521/290/61 627/291/210 534/176/476 
f 534/176/476 522/182/483 521/290/61 
f 512/157/461 624/175/562 535/288/70 
f 535/288/70 513/160/70 512/157/461 
f 624/175/562 512/157/461 539/179/480 
f 539/179/480 627/176/568 624/175/562 
f 534/176/476 627/291/210 539/185/111 
f 539/185/111 536/179/477 534/176/476 
f 611/256/547 595/239/128 594/240/128 
f 594/240/128 597/242/549 611/256/547 
f 628/292/70 629/297/70 630/296/70 
f 628/292/70 630/296/70 631/295/70 
f 628/292/70 631/295/70 632/294/70 
f 628/292/70 632/294/70 633/293/70 
f 634/298/64 635/303/64 636/302/64 
f 634/298/64 636/302/64 637/301/64 
f 634/298/64 637/301/64 638/300/64 
f 634/298/64 638/300/64 639/299/64 
f 634/304/214 640/307/214 641/306/214 
f 641/306/214 635/305/214 634/304/214 
f 640/307/214 628/309/214 633/308/214 
f 633/308/214 641/306/214 640/307/214 
f 635/305/128 641/306/128 642/311/128 
f 642/311/128 636/310/128 635/305/128 
f 641/306/128 633/308/128 632/312/128 
f 632/312/128 642/311/128 641/306/128 
f 636/310/213 642/311/213 643/314/213 
f 643/314/213 637/313/213 636/310/213 
f 637/315/212 643/318/212 644/317/212 
f 644/317/212 638/316/212 637/315/212 
f 638/316/100 644/317/100 645/320/100 
f 645/320/100 639/319/100 638/316/100 
f 644/317/100 630/322/100 629/321/100 
f 629/321/100 645/320/100 644/317/100 
f 639/319/211 645/320/211 640/307/211 
f 640/307/211 634/304/211 639/319/211 
f 645/320/211 629/321/211 628/309/211 
f 628/309/211 640/307/211 645/320/211 
f 646/323/64 643/326/64 642/325/64 
f 642/325/64 647/324/64 646/323/64 
f 647/327/128 642/311/128 632/312/128 
f 632/312/128 648/328/128 647/327/128 
f 648/329/70 632/294/70 631/295/70 
f 631/295/70 649/330/70 648/329/70 
f 650/331/64 644/332/64 643/326/64 
f 643/326/64 646/323/64 650/331/64 
f 649/330/70 631/295/70 630/296/70 
f 630/296/70 651/333/70 649/330/70 
f 651/334/100 630/322/100 644/317/100 
f 644/317/100 650/335/100 651/334/100 
f 647/327/213 648/328/213 649/337/213 
f 649/337/213 646/336/213 647/327/213 
f 646/338/212 649/339/212 651/334/212 
f 651/334/212 650/335/212 646/338/212 
f 652/292/70 653/293/70 654/294/70 
f 652/292/70 654/294/70 655/295/70 
f 652/292/70 655/295/70 656/296/70 
f 652/292/70 656/296/70 657/297/70 
f 658/298/64 659/299/64 660/300/64 
f 658/298/64 660/300/64 661/301/64 
f 658/298/64 661/301/64 662/302/64 
f 658/298/64 662/302/64 663/303/64 
f 658/304/213 663/305/213 664/306/213 
f 664/306/213 665/307/213 658/304/213 
f 665/307/213 664/306/213 653/308/213 
f 653/308/213 652/309/213 665/307/213 
f 663/305/128 662/310/128 666/311/128 
f 666/311/128 664/306/128 663/305/128 
f 664/306/128 666/311/128 654/312/128 
f 654/312/128 653/308/128 664/306/128 
f 662/310/214 661/313/214 667/314/214 
f 667/314/214 666/311/214 662/310/214 
f 661/315/211 660/316/211 668/317/211 
f 668/317/211 667/318/211 661/315/211 
f 660/316/100 659/319/100 669/320/100 
f 669/320/100 668/317/100 660/316/100 
f 668/317/100 669/320/100 657/321/100 
f 657/321/100 656/322/100 668/317/100 
f 659/319/212 658/304/212 665/307/212 
f 665/307/212 669/320/212 659/319/212 
f 669/320/212 665/307/212 652/309/212 
f 652/309/212 657/321/212 669/320/212 
f 670/323/64 671/324/64 666/325/64 
f 666/325/64 667/326/64 670/323/64 
f 671/327/128 672/328/128 654/312/128 
f 654/312/128 666/311/128 671/327/128 
f 672/329/70 673/330/70 655/295/70 
f 655/295/70 654/294/70 672/329/70 
f 674/331/64 670/323/64 667/326/64 
f 667/326/64 668/332/64 674/331/64 
f 673/330/70 675/333/70 656/296/70 
f 656/296/70 655/295/70 673/330/70 
f 675/334/100 674/335/100 668/317/100 
f 668/317/100 656/322/100 675/334/100 
f 671/327/214 670/336/214 673/337/214 
f 673/337/214 672/328/214 671/327/214 
f 670/338/211 674/335/211 675/334/211 
f 675/334/211 673/339/211 670/338/211 
# 1270 faces

